NaN,NaN,NaN,NaN,NaN,NaN,NaN,NaN,NaN,NaN,NaN,NaN,NaN,NaN,NaN,NaN,NaN
NaN,NaN,NaN,NaN,NaN,NaN,NaN,NaN,NaN,NaN,NaN,NaN,NaN,NaN,NaN,NaN,NaN
NaN,NaN,NaN,NaN,NaN,NaN,NaN,NaN,NaN,NaN,NaN,NaN,NaN,NaN,NaN,NaN,NaN
NaN,NaN,NaN,NaN,NaN,NaN,NaN,NaN,NaN,NaN,NaN,NaN,NaN,NaN,NaN,NaN,NaN
NaN,NaN,NaN,NaN,NaN,NaN,NaN,NaN,NaN,NaN,NaN,NaN,NaN,NaN,NaN,NaN,NaN
NaN,NaN,NaN,NaN,NaN,NaN,NaN,NaN,NaN,NaN,NaN,NaN,NaN,NaN,NaN,NaN,NaN
0,241139917,NaN,NaN,NaN,NaN,0,0,0,0,0,0,-0.9384765625,-0.15478515625,0.144775390625,0,NaN
1,241156584,NaN,NaN,NaN,NaN,8.54450416564941,3.15962505340576,4.04801607131958,-8.60741901397705,1.30013287067413,-2.11197233200073,-0.941162109375,-0.15380859375,0.144287109375,0,NaN
2,241173251,NaN,NaN,NaN,NaN,8.51758670806885,3.09375762939453,3.98971962928772,-8.24360179901123,1.30950713157654,-1.73161065578461,-0.940673828125,-0.154296875,0.146484375,0,NaN
3,241189918,NaN,NaN,NaN,NaN,8.51147556304932,3.0919451713562,3.92969655990601,-7.79755735397339,0.56572699546814,-1.40305113792419,-0.93994140625,-0.15478515625,0.144775390625,0,NaN
4,241206585,NaN,NaN,NaN,NaN,8.52568244934082,3.09730887413025,3.85426473617554,-7.80501079559326,0.00681938324123621,-0.945493042469025,-0.93994140625,-0.155517578125,0.144287109375,0,NaN
5,241223252,NaN,NaN,NaN,NaN,8.54398822784424,3.06684875488281,3.84775114059448,-6.74522066116333,-0.639088213443756,-0.0814868211746216,-0.940185546875,-0.15771484375,0.146484375,0,NaN
6,241239919,NaN,NaN,NaN,NaN,8.56163120269775,3.09250235557556,3.77949142456055,-5.64319515228271,-1.02448236942291,0.800531327724457,-0.940673828125,-0.152587890625,0.148193359375,0,NaN
7,241256586,NaN,NaN,NaN,NaN,8.57226371765137,3.14972996711731,3.69139409065247,-3.65192294120789,-1.33931374549866,2.00096035003662,-0.941162109375,-0.1513671875,0.14697265625,0,NaN
8,241273253,NaN,NaN,NaN,NaN,8.58311653137207,3.22854423522949,3.69497966766357,-1.57318341732025,-1.39313876628876,3.13713955879211,-0.939453125,-0.15478515625,0.148681640625,0,NaN
9,241289920,NaN,NaN,NaN,NaN,8.5505952835083,3.21862030029297,3.69915246963501,0.621319234371185,-1.4592068195343,4.08997058868408,-0.9423828125,-0.154296875,0.148193359375,0,NaN
10,241306587,NaN,NaN,NaN,NaN,8.56711006164551,3.26623058319092,3.71437239646912,2.52554750442505,-1.57837009429932,4.43046617507935,-0.93896484375,-0.150390625,0.148681640625,0,NaN
11,241323254,NaN,NaN,NaN,NaN,8.56425762176514,3.30822396278381,3.77323269844055,3.2221097946167,-1.97292065620422,4.44482135772705,-0.93896484375,-0.150390625,0.14697265625,0,NaN
12,241339921,NaN,NaN,NaN,NaN,8.56210994720459,3.33593487739563,3.83570623397827,2.50879597663879,-2.72537088394165,4.08740949630737,-0.937255859375,-0.14697265625,0.14990234375,0,NaN
13,241356588,NaN,NaN,NaN,NaN,8.55217266082764,3.34417009353638,3.88661623001099,1.50911974906921,-3.65363907814026,3.49976468086243,-0.940185546875,-0.14794921875,0.15087890625,0,NaN
14,241373255,NaN,NaN,NaN,NaN,8.53631591796875,3.32665586471558,3.91820001602173,0.775917649269104,-4.61401319503784,3.00308299064636,-0.9423828125,-0.146240234375,0.151611328125,0,NaN
15,241389922,NaN,NaN,NaN,NaN,8.52653884887695,3.34252309799194,3.91654133796692,0.481986224651337,-5.55817317962646,2.43387866020203,-0.940185546875,-0.14697265625,0.151611328125,0,NaN
16,241406589,NaN,NaN,NaN,NaN,8.54462242126465,3.32837986946106,3.9365451335907,0.202999845147133,-5.77440786361694,2.04356670379639,-0.940673828125,-0.145751953125,0.152587890625,0,NaN
17,241423256,NaN,NaN,NaN,NaN,8.57693004608154,3.31202816963196,3.94856476783752,-0.310221046209335,-5.64465522766113,1.73050320148468,-0.9375,-0.1474609375,0.155517578125,0,NaN
18,241439923,NaN,NaN,NaN,NaN,8.6165189743042,3.2892758846283,3.92181301116943,-0.576234579086304,-5.32890176773071,1.44123315811157,-0.9384765625,-0.144775390625,0.156494140625,0,NaN
19,241456590,NaN,NaN,NaN,NaN,8.60024261474609,3.27552056312561,3.94996809959412,-0.650011956691742,-5.02126789093018,1.2559380531311,-0.940185546875,-0.145751953125,0.158203125,0,NaN
20,241473257,NaN,NaN,NaN,NaN,8.64593982696533,3.25723886489868,3.98588275909424,-0.278166770935059,-4.57818126678467,0.960021734237671,-0.940673828125,-0.1435546875,0.1572265625,0,NaN
21,241489924,NaN,NaN,NaN,NaN,8.63050746917725,3.22433829307556,4.00876092910767,-0.413888484239578,-3.77252054214478,0.575754344463348,-0.940673828125,-0.14453125,0.15771484375,0,NaN
22,241506591,NaN,NaN,NaN,NaN,8.61982536315918,3.2234194278717,3.96769857406616,-0.539006471633911,-3.09621691703796,0.265776604413986,-0.939208984375,-0.146728515625,0.162109375,0,NaN
23,241523258,NaN,NaN,NaN,NaN,8.59912490844727,3.20535349845886,3.9901328086853,-0.687073528766632,-2.73118472099304,0.122819304466248,-0.94189453125,-0.146728515625,0.16064453125,0,NaN
24,241539925,NaN,NaN,NaN,NaN,8.59333038330078,3.20199012756348,4.01141119003296,-0.815533995628357,-2.10453128814697,0.0454049147665501,-0.939208984375,-0.14404296875,0.163818359375,0,NaN
25,241556592,NaN,NaN,NaN,NaN,8.59409236907959,3.19384431838989,3.97919321060181,-1.06765234470367,-1.57637166976929,0.120693430304527,-0.94140625,-0.146240234375,0.162109375,0,NaN
26,241573259,NaN,NaN,NaN,NaN,8.59461212158203,3.16567635536194,3.97735357284546,-1.11015689373016,-1.19530630111694,0.233799114823341,-0.939697265625,-0.14453125,0.16455078125,0,NaN
27,241589926,NaN,NaN,NaN,NaN,8.60039901733398,3.16692662239075,3.96279835700989,-0.723443567752838,-0.767881572246552,0.201616764068604,-0.9404296875,-0.14453125,0.166259765625,0,NaN
28,241606593,NaN,NaN,NaN,NaN,8.59670925140381,3.13827204704285,3.9508364200592,-0.527058124542236,-0.617739856243134,0.188131660223007,-0.94091796875,-0.14404296875,0.16552734375,0,NaN
29,241623260,NaN,NaN,NaN,NaN,8.58336639404297,3.14245963096619,3.92175436019897,0.0940946564078331,-0.427680850028992,0.430056422948837,-0.942138671875,-0.145751953125,0.166015625,0,NaN
30,241639927,NaN,NaN,NaN,NaN,8.55689144134521,3.13329768180847,3.93011951446533,0.569299876689911,-0.0895035788416862,0.430555880069733,-0.94091796875,-0.142822265625,0.1650390625,0,NaN
31,241656594,NaN,NaN,NaN,NaN,8.59448051452637,3.13128709793091,3.9447774887085,1.24632036685944,0.0631160885095596,0.615761339664459,-0.938720703125,-0.14453125,0.163330078125,0,NaN
32,241673261,NaN,NaN,NaN,NaN,8.62383270263672,3.14007377624512,3.95004868507385,1.79363799095154,-0.102924630045891,0.75319904088974,-0.9404296875,-0.1435546875,0.163330078125,0,NaN
33,241689928,NaN,NaN,NaN,NaN,8.62430477142334,3.13792109489441,3.92683720588684,2.06328868865967,-0.152677297592163,0.859171628952026,-0.94091796875,-0.146240234375,0.16162109375,0,NaN
34,241706595,NaN,NaN,NaN,NaN,8.62597465515137,3.1622793674469,3.90776777267456,2.24664998054504,-0.0841249153017998,0.887563228607178,-0.938720703125,-0.145263671875,0.1611328125,0,NaN
35,241723262,NaN,NaN,NaN,NaN,8.61249351501465,3.15924167633057,3.87871217727661,1.90451562404633,0.150980472564697,0.993740856647491,-0.94091796875,-0.14404296875,0.163818359375,0,NaN
36,241739929,NaN,NaN,NaN,NaN,8.60490989685059,3.1400420665741,3.8467321395874,1.3396143913269,0.551703929901123,0.945204615592957,-0.94140625,-0.145751953125,0.1611328125,0,NaN
37,241756596,NaN,NaN,NaN,NaN,8.61439895629883,3.12200164794922,3.82217597961426,1.16780459880829,0.910614788532257,0.962941527366638,-0.939697265625,-0.145263671875,0.15771484375,0,NaN
38,241773263,NaN,NaN,NaN,NaN,8.6296272277832,3.14341473579407,3.85741090774536,1.60204243659973,1.0921448469162,0.842369735240936,-0.939208984375,-0.145263671875,0.16064453125,0,NaN
39,241789930,NaN,NaN,NaN,NaN,8.63335800170898,3.17740368843079,3.86484265327454,1.00995361804962,0.934037566184998,0.812927901744843,-0.939208984375,-0.1435546875,0.159423828125,0,NaN
40,241806597,NaN,NaN,NaN,NaN,8.62463188171387,3.17834782600403,3.85378289222717,0.301736831665039,0.875205218791962,0.755747556686401,-0.93798828125,-0.14404296875,0.156494140625,0,NaN
41,241823264,NaN,NaN,NaN,NaN,8.60572719573975,3.13163447380066,3.82086563110352,0.115020230412483,0.844585120677948,0.611279010772705,-0.940185546875,-0.14306640625,0.156494140625,0,NaN
42,241839931,NaN,NaN,NaN,NaN,8.5930700302124,3.11398434638977,3.81204700469971,0.886167347431183,0.940773606300354,0.437227964401245,-0.9384765625,-0.14404296875,0.1572265625,0,NaN
43,241856598,NaN,NaN,NaN,NaN,8.56199264526367,3.16742372512817,3.82030344009399,1.04786026477814,0.911434352397919,0.292964428663254,-0.93798828125,-0.14306640625,0.1572265625,0,NaN
44,241873265,NaN,NaN,NaN,NaN,8.60254573822021,3.16834473609924,3.79549837112427,0.169434398412704,0.968909204006195,0.188592702150345,-0.93896484375,-0.142333984375,0.155029296875,0,NaN
45,241889932,NaN,NaN,NaN,NaN,8.59756755828857,3.13272547721863,3.78764963150024,0.499620497226715,1.0240660905838,0.231314703822136,-0.93798828125,-0.1435546875,0.1572265625,0,NaN
46,241906599,NaN,NaN,NaN,NaN,8.61550140380859,3.10373067855835,3.82676410675049,0.975901484489441,0.67830753326416,0.281400322914124,-0.936767578125,-0.1435546875,0.156005859375,0,NaN
47,241923266,NaN,NaN,NaN,NaN,8.63877010345459,3.14872694015503,3.83827066421509,1.29344761371613,0.285216629505157,0.203012645244598,-0.939697265625,-0.142333984375,0.155029296875,0,NaN
48,241939933,NaN,NaN,NaN,NaN,8.63324737548828,3.16133856773376,3.8327465057373,0.745348751544952,-0.0423377901315689,0.268248200416565,-0.94189453125,-0.14404296875,0.158935546875,0,NaN
49,241956600,NaN,NaN,NaN,NaN,8.62492942810059,3.14619731903076,3.81998705863953,-0.0865965336561203,-0.443010061979294,0.360710024833679,-0.936767578125,-0.1435546875,0.155517578125,0,NaN
50,241973267,NaN,NaN,NaN,NaN,8.61726474761963,3.12972450256348,3.80368733406067,-0.307352393865585,-0.727554321289062,0.333483725786209,-0.939453125,-0.1435546875,0.152587890625,0,NaN
51,241989934,NaN,NaN,NaN,NaN,8.63415050506592,3.13168215751648,3.82638740539551,0.227805748581886,-1.0054520368576,0.23119942843914,-0.93896484375,-0.144775390625,0.155029296875,0,NaN
52,242006601,NaN,NaN,NaN,NaN,8.6238899230957,3.16462707519531,3.83847117424011,0.828731000423431,-1.0702908039093,0.192908450961113,-0.940185546875,-0.142333984375,0.1572265625,0,NaN
53,242023268,NaN,NaN,NaN,NaN,8.63742542266846,3.17015361785889,3.84124445915222,0.441466867923737,-1.28688430786133,0.204575017094612,-0.937255859375,-0.142578125,0.15380859375,0,NaN
54,242039935,NaN,NaN,NaN,NaN,8.6486291885376,3.14585041999817,3.84804344177246,-0.07618498057127,-1.48140001296997,0.102034598588943,-0.93896484375,-0.14404296875,0.155029296875,0,NaN
55,242056602,NaN,NaN,NaN,NaN,8.61628913879395,3.16476583480835,3.85966897010803,-0.245369613170624,-1.90708291530609,0.17362205684185,-0.9375,-0.142333984375,0.15771484375,0,NaN
56,242073269,NaN,NaN,NaN,NaN,8.61818313598633,3.17766547203064,3.88295698165894,-0.0541452504694462,-2.17999935150146,0.115878269076347,-0.94189453125,-0.142822265625,0.158203125,0,NaN
57,242089936,NaN,NaN,NaN,NaN,8.62829208374023,3.15447354316711,3.89097380638123,0.204306110739708,-2.29033899307251,-0.0422609597444534,-0.9375,-0.142578125,0.156005859375,0,NaN
58,242106603,NaN,NaN,NaN,NaN,8.61792087554932,3.14602899551392,3.88024210929871,0.328028202056885,-2.58654952049255,-0.111889071762562,-0.93896484375,-0.14306640625,0.1572265625,0,NaN
59,242123270,NaN,NaN,NaN,NaN,8.6090784072876,3.16887950897217,3.87874913215637,0.284729987382889,-2.69258642196655,-0.272813677787781,-0.9384765625,-0.141845703125,0.156005859375,0,NaN
60,242139937,NaN,NaN,NaN,NaN,8.61172771453857,3.17471170425415,3.89356899261475,-0.33171010017395,-2.77932405471802,-0.225839987397194,-0.94091796875,-0.142822265625,0.162109375,0,NaN
61,242156604,NaN,NaN,NaN,NaN,8.60657787322998,3.14836859703064,3.90762495994568,-0.0361523255705833,-2.7981870174408,-0.246445387601852,-0.93798828125,-0.145263671875,0.162109375,0,NaN
62,242173271,NaN,NaN,NaN,NaN,8.62051582336426,3.1453902721405,3.90291905403137,0.558030307292938,-2.78412628173828,-0.190840229392052,-0.938720703125,-0.145263671875,0.1611328125,0,NaN
63,242189938,NaN,NaN,NaN,NaN,8.61838054656982,3.14938473701477,3.91384649276733,1.10591149330139,-2.60798740386963,-0.183886364102364,-0.939697265625,-0.142333984375,0.162109375,0,NaN
64,242206605,NaN,NaN,NaN,NaN,8.62324619293213,3.14604568481445,3.92121577262878,0.714049994945526,-2.51314353942871,-0.165329992771149,-0.94140625,-0.145751953125,0.1611328125,0,NaN
65,242223272,NaN,NaN,NaN,NaN,8.61863899230957,3.18742728233337,3.94003844261169,0.318910121917725,-2.19545674324036,-0.382897049188614,-0.939697265625,-0.1435546875,0.16162109375,0,NaN
66,242239939,NaN,NaN,NaN,NaN,8.60692691802979,3.14738917350769,3.88887071609497,0.133627846837044,-1.93208086490631,-0.506708800792694,-0.9404296875,-0.14453125,0.163330078125,0,NaN
67,242256606,NaN,NaN,NaN,NaN,8.59146404266357,3.13844418525696,3.90599513053894,-0.0161616131663322,-1.70277070999146,-0.467188477516174,-0.94091796875,-0.14501953125,0.16552734375,0,NaN
68,242273273,NaN,NaN,NaN,NaN,8.60746192932129,3.18330359458923,3.90912008285522,-0.0994156897068024,-1.54421532154083,-0.447838008403778,-0.939208984375,-0.14453125,0.16455078125,0,NaN
69,242289940,NaN,NaN,NaN,NaN,8.60659122467041,3.1590735912323,3.90764760971069,-0.875314056873322,-1.27275907993317,-0.415015369653702,-0.9404296875,-0.14453125,0.163818359375,0,NaN
70,242306607,NaN,NaN,NaN,NaN,8.58860015869141,3.13131928443909,3.85998272895813,-1.15634942054749,-1.25517606735229,-0.352776557207108,-0.94140625,-0.146728515625,0.16064453125,0,NaN
71,242323274,NaN,NaN,NaN,NaN,8.56771659851074,3.12174868583679,3.84035038948059,-0.737069487571716,-1.08522284030914,-0.625590145587921,-0.939697265625,-0.14404296875,0.163330078125,0,NaN
72,242339941,NaN,NaN,NaN,NaN,8.54574775695801,3.15967082977295,3.82797312736511,-0.217938452959061,-1.13912487030029,-0.471030354499817,-0.938720703125,-0.145263671875,0.1611328125,0,NaN
73,242356608,NaN,NaN,NaN,NaN,8.57327461242676,3.15320777893066,3.86301207542419,-0.416052639484406,-1.04032373428345,-0.376532286405563,-0.940185546875,-0.1474609375,0.1611328125,0,NaN
74,242373275,NaN,NaN,NaN,NaN,8.61425399780273,3.13022947311401,3.86199259757996,-0.320299625396729,-1.20553851127625,-0.269202291965485,-0.94091796875,-0.146728515625,0.162841796875,0,NaN
75,242389942,NaN,NaN,NaN,NaN,8.65217018127441,3.11148262023926,3.88620781898499,0.01194192096591,-1.59368622303009,-0.110365122556686,-0.9404296875,-0.146240234375,0.16552734375,0,NaN
76,242406609,NaN,NaN,NaN,NaN,8.66940498352051,3.12662506103516,3.86946249008179,0.293924927711487,-1.96877133846283,-0.141766294836998,-0.939208984375,-0.1474609375,0.16455078125,0,NaN
77,242423276,NaN,NaN,NaN,NaN,8.64666843414307,3.17732858657837,3.84264898300171,0.330000400543213,-1.88062512874603,-0.117101259529591,-0.939697265625,-0.146240234375,0.16552734375,0,NaN
78,242439943,NaN,NaN,NaN,NaN,8.62670707702637,3.17284083366394,3.84460306167603,-0.196026802062988,-1.61751878261566,0.178104311227798,-0.942138671875,-0.14794921875,0.166748046875,0,NaN
79,242456610,NaN,NaN,NaN,NaN,8.59744453430176,3.13317489624023,3.83665633201599,-0.40056985616684,-1.34981489181519,0.269234299659729,-0.94091796875,-0.1474609375,0.16455078125,0,NaN
80,242473277,NaN,NaN,NaN,NaN,8.59228134155273,3.11967539787292,3.81868314743042,0.239369884133339,-1.236363530159,0.315542042255402,-0.939208984375,-0.1474609375,0.16455078125,0,NaN
81,242489944,NaN,NaN,NaN,NaN,8.59254360198975,3.12344813346863,3.86140918731689,0.85265326499939,-1.06639754772186,0.265840619802475,-0.93994140625,-0.14892578125,0.16552734375,0,NaN
82,242506611,NaN,NaN,NaN,NaN,8.6089973449707,3.17344903945923,3.8763964176178,0.476927667856216,-1.21985602378845,0.351258933544159,-0.9404296875,-0.146728515625,0.163818359375,0,NaN
83,242523278,NaN,NaN,NaN,NaN,8.61448764801025,3.15478730201721,3.8900032043457,-0.0997486487030983,-1.40579128265381,0.438214004039764,-0.93994140625,-0.146728515625,0.166748046875,0,NaN
84,242539945,NaN,NaN,NaN,NaN,8.60902500152588,3.12893772125244,3.89491081237793,-0.0737389549612999,-1.55702149868011,0.476120799779892,-0.938720703125,-0.1474609375,0.16552734375,0,NaN
85,242556612,NaN,NaN,NaN,NaN,8.59832859039307,3.11652708053589,3.87033343315125,0.388653546571732,-1.70230972766876,0.479642629623413,-0.9404296875,-0.145751953125,0.1650390625,0,NaN
86,242573279,NaN,NaN,NaN,NaN,8.57931041717529,3.16563844680786,3.88912105560303,-0.0053530540317297,-1.54995250701904,0.589879631996155,-0.94091796875,-0.14453125,0.167236328125,0,NaN
87,242589946,NaN,NaN,NaN,NaN,8.58787727355957,3.15149164199829,3.85737991333008,-0.0947798043489456,-1.46591746807098,0.605093657970428,-0.94091796875,-0.14794921875,0.167724609375,0,NaN
88,242606613,NaN,NaN,NaN,NaN,8.5934476852417,3.11995768547058,3.8567271232605,0.665642082691193,-1.21160864830017,0.640964210033417,-0.939453125,-0.145751953125,0.170166015625,0,NaN
89,242623280,NaN,NaN,NaN,NaN,8.63041210174561,3.14313626289368,3.90325140953064,1.32226192951202,-1.22656655311584,0.691536366939545,-0.93994140625,-0.147216796875,0.170166015625,0,NaN
90,242639947,NaN,NaN,NaN,NaN,8.62568855285645,3.14848351478577,3.93511891365051,1.15545916557312,-1.25261449813843,0.953413426876068,-0.94091796875,-0.14794921875,0.16845703125,0,NaN
91,242656614,NaN,NaN,NaN,NaN,8.62728404998779,3.14204788208008,3.92335796356201,1.01033771038055,-1.18492019176483,1.02122318744659,-0.942626953125,-0.146240234375,0.170654296875,0,NaN
92,242673281,NaN,NaN,NaN,NaN,8.6137228012085,3.17448663711548,3.92319750785828,0.865126609802246,-1.12288641929626,1.0816308259964,-0.942626953125,-0.146240234375,0.167236328125,0,NaN
93,242689948,NaN,NaN,NaN,NaN,8.6181812286377,3.15235567092896,3.90537238121033,0.594246625900269,-0.956954538822174,1.04827010631561,-0.94091796875,-0.14794921875,0.16943359375,0,NaN
94,242706615,NaN,NaN,NaN,NaN,8.61244583129883,3.16550159454346,3.89031505584717,0.903558373451233,-0.657337069511414,1.04181575775146,-0.9404296875,-0.149658203125,0.16845703125,0,NaN
95,242723282,NaN,NaN,NaN,NaN,8.60398960113525,3.16676926612854,3.92095971107483,1.223717212677,-0.151102125644684,1.01083731651306,-0.93994140625,-0.14501953125,0.170166015625,0,NaN
96,242739949,NaN,NaN,NaN,NaN,8.6016731262207,3.18308877944946,3.92173767089844,1.28473937511444,-0.0771070271730423,1.0470278263092,-0.942626953125,-0.14404296875,0.1689453125,0,NaN
97,242756616,NaN,NaN,NaN,NaN,8.5902156829834,3.18346905708313,3.88651371002197,0.92986273765564,0.138379022479057,0.925278067588806,-0.94091796875,-0.14501953125,0.166259765625,0,NaN
98,242773283,NaN,NaN,NaN,NaN,8.58959197998047,3.14812421798706,3.9052996635437,1.17588543891907,-0.0229361727833748,0.86081075668335,-0.93994140625,-0.145751953125,0.167724609375,0,NaN
99,242789950,NaN,NaN,NaN,NaN,8.6065502166748,3.16475629806519,3.91753077507019,1.37332081794739,0.0321247279644012,0.700833857059479,-0.939208984375,-0.14453125,0.167236328125,0,NaN
100,242806617,NaN,NaN,NaN,NaN,8.624342918396,3.18555331230164,3.90411615371704,1.45150363445282,0.108655467629433,0.685812056064606,-0.9404296875,-0.14453125,0.166259765625,0,NaN
101,242823284,NaN,NaN,NaN,NaN,8.64145183563232,3.1672031879425,3.86180973052979,1.36146223545074,0.0249147564172745,0.683814287185669,-0.94091796875,-0.146240234375,0.166259765625,0,NaN
102,242839951,NaN,NaN,NaN,NaN,8.62349891662598,3.16306471824646,3.83582615852356,1.35365045070648,0.177848175168037,0.596116423606873,-0.938720703125,-0.146728515625,0.16455078125,0,NaN
103,242856618,NaN,NaN,NaN,NaN,8.63552093505859,3.16591238975525,3.85561895370483,1.82325899600983,0.276188105344772,0.50417947769165,-0.939697265625,-0.14501953125,0.16455078125,0,NaN
104,242873285,NaN,NaN,NaN,NaN,8.62350177764893,3.21095585823059,3.82894468307495,1.80057919025421,0.323738098144531,0.543328642845154,-0.939697265625,-0.14453125,0.1650390625,0,NaN
105,242889952,NaN,NaN,NaN,NaN,8.61806774139404,3.16163969039917,3.84951114654541,1.08033716678619,0.432745754718781,0.559528648853302,-0.939697265625,-0.145751953125,0.163330078125,0,NaN
106,242906619,NaN,NaN,NaN,NaN,8.60612487792969,3.12793517112732,3.83782172203064,1.20243299007416,0.410577952861786,0.522761583328247,-0.93798828125,-0.145751953125,0.162109375,0,NaN
107,242923286,NaN,NaN,NaN,NaN,8.60255527496338,3.12910866737366,3.86024856567383,1.74097847938538,0.0964254140853882,0.480654358863831,-0.938720703125,-0.1474609375,0.16552734375,0,NaN
108,242939953,NaN,NaN,NaN,NaN,8.60385990142822,3.1677668094635,3.8373601436615,2.19319629669189,-0.117421425879002,0.560207366943359,-0.93798828125,-0.145751953125,0.16064453125,0,NaN
109,242956620,NaN,NaN,NaN,NaN,8.61439228057861,3.17881989479065,3.82260370254517,2.183758020401,-0.285299867391586,0.524657011032104,-0.93798828125,-0.14453125,0.162841796875,0,NaN
110,242973287,NaN,NaN,NaN,NaN,8.61641693115234,3.14028429985046,3.81970191001892,1.8861255645752,-0.390324711799622,0.570081055164337,-0.9404296875,-0.14501953125,0.163818359375,0,NaN
111,242989954,NaN,NaN,NaN,NaN,8.62495231628418,3.14158344268799,3.82123422622681,1.88841772079468,-0.512702167034149,0.661556839942932,-0.939208984375,-0.14453125,0.162841796875,0,NaN
112,243006621,NaN,NaN,NaN,NaN,8.62891960144043,3.16847157478333,3.83198833465576,1.43388211727142,-0.558459341526031,0.485456675291061,-0.9404296875,-0.14404296875,0.163330078125,0,NaN
113,243023288,NaN,NaN,NaN,NaN,8.60048484802246,3.15150475502014,3.83152270317078,0.817192375659943,-0.487601816654205,0.529049515724182,-0.939697265625,-0.146728515625,0.1650390625,0,NaN
114,243039955,NaN,NaN,NaN,NaN,8.59441947937012,3.14149212837219,3.8217248916626,1.15721380710602,-0.669964194297791,0.428942322731018,-0.939697265625,-0.14306640625,0.15771484375,0,NaN
115,243056622,NaN,NaN,NaN,NaN,8.56758594512939,3.0913245677948,3.84444046020508,1.69848680496216,-0.88780015707016,0.368432283401489,-0.93701171875,-0.145751953125,0.1611328125,0,NaN
116,243073289,NaN,NaN,NaN,NaN,8.55925178527832,3.13446569442749,3.85688972473145,1.85005021095276,-1.11548435688019,0.426790863275528,-0.94091796875,-0.14404296875,0.162109375,0,NaN
117,243089956,NaN,NaN,NaN,NaN,8.60331726074219,3.13455510139465,3.87890410423279,1.58360135555267,-1.33365333080292,0.443157345056534,-0.939697265625,-0.14794921875,0.16162109375,0,NaN
118,243106623,NaN,NaN,NaN,NaN,8.65589427947998,3.12667036056519,3.92194986343384,1.48875749111176,-1.72892129421234,0.641450881958008,-0.939697265625,-0.145751953125,0.1650390625,0,NaN
119,243123290,NaN,NaN,NaN,NaN,8.65853691101074,3.13207864761353,3.88460326194763,1.45533275604248,-1.96806693077087,0.761689603328705,-0.9375,-0.14404296875,0.1650390625,0,NaN
120,243139957,NaN,NaN,NaN,NaN,8.63429546356201,3.13961720466614,3.88309121131897,1.46397709846497,-1.96161258220673,0.781219363212585,-0.94091796875,-0.14453125,0.16455078125,0,NaN
121,243156624,NaN,NaN,NaN,NaN,8.61447238922119,3.15850591659546,3.85172748565674,1.19095861911774,-1.76398515701294,1.01461505889893,-0.938720703125,-0.142333984375,0.162841796875,0,NaN
122,243173291,NaN,NaN,NaN,NaN,8.58849906921387,3.16382026672363,3.89812469482422,0.673376977443695,-1.43853724002838,1.05053675174713,-0.93701171875,-0.145751953125,0.163330078125,0,NaN
123,243189958,NaN,NaN,NaN,NaN,8.59334373474121,3.13595390319824,3.86429262161255,1.04752731323242,-1.06834399700165,0.851743876934052,-0.939697265625,-0.14404296875,0.16455078125,0,NaN
124,243206625,NaN,NaN,NaN,NaN,8.61272239685059,3.16965818405151,3.87319469451904,0.70955502986908,-0.866772174835205,0.548796892166138,-0.9404296875,-0.145263671875,0.162841796875,0,NaN
125,243223292,NaN,NaN,NaN,NaN,8.61440563201904,3.15851163864136,3.89394450187683,0.270732641220093,-0.777166187763214,0.574307203292847,-0.9384765625,-0.142333984375,0.16064453125,0,NaN
126,243239959,NaN,NaN,NaN,NaN,8.5866527557373,3.1734082698822,3.9137008190155,-0.0549520440399647,-0.626384198665619,0.492513000965118,-0.938720703125,-0.14453125,0.1650390625,0,NaN
127,243256626,NaN,NaN,NaN,NaN,8.60768795013428,3.14423012733459,3.89670348167419,-0.332132697105408,-0.56962651014328,0.228612571954727,-0.939697265625,-0.142333984375,0.1650390625,0,NaN
128,243273293,NaN,NaN,NaN,NaN,8.61444664001465,3.14777755737305,3.92465138435364,-0.0979557782411575,-0.476934134960175,0.170330852270126,-0.9375,-0.145263671875,0.162841796875,0,NaN
129,243289960,NaN,NaN,NaN,NaN,8.62212467193604,3.17087984085083,3.90399527549744,-0.517901539802551,-0.576823592185974,0.130887299776077,-0.939208984375,-0.1435546875,0.163818359375,0,NaN
130,243306627,NaN,NaN,NaN,NaN,8.58820343017578,3.1458740234375,3.88511228561401,-0.912529170513153,-0.440013349056244,0.168755665421486,-0.939208984375,-0.14453125,0.162841796875,0,NaN
131,243323294,NaN,NaN,NaN,NaN,8.61104965209961,3.12387776374817,3.8886353969574,-0.367516666650772,-0.214365497231483,0.0144391600042582,-0.94140625,-0.142333984375,0.167236328125,0,NaN
132,243339961,NaN,NaN,NaN,NaN,8.61373138427734,3.11699366569519,3.92681503295898,0.306731253862381,-0.0900158286094666,0.0106612863019109,-0.939697265625,-0.14453125,0.16455078125,0,NaN
133,243356628,NaN,NaN,NaN,NaN,8.61284065246582,3.14294981956482,3.89062023162842,0.504051506519318,-0.272352635860443,0.122896127402782,-0.939208984375,-0.142333984375,0.16162109375,0,NaN
134,243373295,NaN,NaN,NaN,NaN,8.61795139312744,3.14311838150024,3.89202570915222,0.408144801855087,-0.256588011980057,0.230687156319618,-0.940185546875,-0.1435546875,0.1611328125,0,NaN
135,243389962,NaN,NaN,NaN,NaN,8.61874580383301,3.12470030784607,3.90658092498779,0.294910967350006,-0.487371236085892,0.450469702482224,-0.939697265625,-0.142333984375,0.162109375,0,NaN
136,243406629,NaN,NaN,NaN,NaN,8.61911010742188,3.14314293861389,3.90327286720276,0.19552093744278,-0.506004512310028,0.602647602558136,-0.9404296875,-0.142333984375,0.163818359375,0,NaN
137,243423296,NaN,NaN,NaN,NaN,8.589280128479,3.13367676734924,3.88894605636597,0.547247290611267,-0.597364962100983,0.571297645568848,-0.939208984375,-0.14453125,0.166259765625,0,NaN
138,243439963,NaN,NaN,NaN,NaN,8.58414649963379,3.13955450057983,3.88624262809753,0.594323515892029,-0.565092980861664,0.495663374662399,-0.9404296875,-0.14404296875,0.163330078125,0,NaN
139,243456630,NaN,NaN,NaN,NaN,8.60031414031982,3.13638281822205,3.88112926483154,0.905402541160583,-0.613500952720642,0.384785979986191,-0.939697265625,-0.145751953125,0.16552734375,0,NaN
140,243473297,NaN,NaN,NaN,NaN,8.60424327850342,3.15101337432861,3.91524529457092,0.831548273563385,-0.517619788646698,0.410936534404755,-0.939208984375,-0.14501953125,0.16455078125,0,NaN
141,243489964,NaN,NaN,NaN,NaN,8.59806823730469,3.14295506477356,3.87942457199097,0.796715080738068,-0.661665737628937,0.274907499551773,-0.939208984375,-0.14404296875,0.16455078125,0,NaN
142,243506631,NaN,NaN,NaN,NaN,8.60206604003906,3.17511916160583,3.90703582763672,0.729507327079773,-0.670745313167572,0.317373365163803,-0.938720703125,-0.142822265625,0.16455078125,0,NaN
143,243523298,NaN,NaN,NaN,NaN,8.61417675018311,3.13467001914978,3.90214991569519,0.600688219070435,-0.667005836963654,0.237436100840569,-0.942626953125,-0.146240234375,0.162109375,0,NaN
144,243539965,NaN,NaN,NaN,NaN,8.59400749206543,3.12727332115173,3.9065535068512,0.71996659040451,-0.741397976875305,0.106977842748165,-0.939697265625,-0.1435546875,0.163330078125,0,NaN
145,243556632,NaN,NaN,NaN,NaN,8.60448741912842,3.14429903030396,3.92653584480286,0.759307682514191,-0.738619029521942,0.0314972139894962,-0.94091796875,-0.1435546875,0.162841796875,0,NaN
146,243573299,NaN,NaN,NaN,NaN,8.6010913848877,3.14033341407776,3.92857360839844,0.5998814702034,-0.742486596107483,0.162967205047607,-0.94189453125,-0.14501953125,0.16162109375,0,NaN
147,243589966,NaN,NaN,NaN,NaN,8.59774971008301,3.11200475692749,3.90254330635071,0.469756126403809,-0.615614056587219,0.184571519494057,-0.940185546875,-0.142822265625,0.162109375,0,NaN
148,243606633,NaN,NaN,NaN,NaN,8.60184860229492,3.10599899291992,3.92503952980042,1.10513019561768,-0.619968175888062,0.2226832062006,-0.940185546875,-0.14404296875,0.162841796875,0,NaN
149,243623300,NaN,NaN,NaN,NaN,8.61706638336182,3.10832929611206,3.93469905853271,1.10101962089539,-0.496182024478912,0.19879937171936,-0.939697265625,-0.146728515625,0.1650390625,0,NaN
150,243639967,NaN,NaN,NaN,NaN,8.62731170654297,3.12803363800049,3.94735741615295,0.870569169521332,-0.373817294836044,0.28172042965889,-0.9365234375,-0.145751953125,0.163818359375,0,NaN
151,243656634,NaN,NaN,NaN,NaN,8.58374786376953,3.11260318756104,3.92661571502686,0.835620641708374,-0.378248333930969,0.333342850208282,-0.939697265625,-0.14453125,0.16162109375,0,NaN
152,243673301,NaN,NaN,NaN,NaN,8.57042121887207,3.10570025444031,3.90573525428772,1.03414475917816,-0.31073322892189,0.340962648391724,-0.940185546875,-0.14404296875,0.162841796875,0,NaN
153,243689968,NaN,NaN,NaN,NaN,8.57283496856689,3.10492062568665,3.9194118976593,0.876229584217072,-0.324359178543091,0.433168351650238,-0.939208984375,-0.1435546875,0.162109375,0,NaN
154,243706635,NaN,NaN,NaN,NaN,8.58985328674316,3.14220952987671,3.94635558128357,0.514719188213348,-0.147144958376884,0.527973711490631,-0.939208984375,-0.145751953125,0.163330078125,0,NaN
155,243723302,NaN,NaN,NaN,NaN,8.59230804443359,3.15878701210022,3.92459630966187,-0.719627201557159,-0.0927563831210136,0.697273671627045,-0.94140625,-0.14453125,0.1611328125,0,NaN
156,243739969,NaN,NaN,NaN,NaN,8.61330890655518,3.1898775100708,3.9522864818573,-2.77610921859741,-0.12761527299881,0.775046706199646,-0.9365234375,-0.142333984375,0.163330078125,0,NaN
157,243756636,NaN,NaN,NaN,NaN,8.61412715911865,3.06077766418457,3.9338436126709,-3.48847556114197,-0.34678316116333,0.709913671016693,-0.94189453125,-0.1435546875,0.162841796875,0,NaN
158,243773303,NaN,NaN,NaN,NaN,8.58784008026123,3.06134033203125,3.89998245239258,-2.09160995483398,-0.363136857748032,0.496482998132706,-0.938720703125,-0.1435546875,0.16455078125,0,NaN
159,243789970,NaN,NaN,NaN,NaN,8.5810489654541,3.05218911170959,3.90544366836548,0.0900094360113144,-0.44142210483551,0.673146545886993,-0.94189453125,-0.14453125,0.16162109375,0,NaN
160,243806637,NaN,NaN,NaN,NaN,8.58926010131836,3.10808849334717,3.92147898674011,1.18939614295959,-0.361574470996857,0.664720058441162,-0.93701171875,-0.145263671875,0.16455078125,0,NaN
161,243823304,NaN,NaN,NaN,NaN,8.63343524932861,3.12224245071411,3.94328427314758,1.27184331417084,-0.66900372505188,0.80423229932785,-0.94091796875,-0.14453125,0.159912109375,0,NaN
162,243839971,NaN,NaN,NaN,NaN,8.66469383239746,3.10470366477966,3.97852373123169,1.37802076339722,-0.91945743560791,0.843944787979126,-0.939697265625,-0.145751953125,0.159423828125,0,NaN
163,243856638,NaN,NaN,NaN,NaN,8.65073394775391,3.0854377746582,3.97622632980347,1.66771328449249,-1.14263379573822,0.86456310749054,-0.940185546875,-0.14404296875,0.16064453125,0,NaN
164,243873305,NaN,NaN,NaN,NaN,8.57864952087402,3.14457893371582,3.95431232452393,1.63106155395508,-1.3021240234375,0.85180789232254,-0.94140625,-0.141845703125,0.1611328125,0,NaN
165,243889972,NaN,NaN,NaN,NaN,8.56948661804199,3.30054807662964,3.95840430259705,-1.28292739391327,-1.44258415699005,0.921628296375275,-0.938720703125,-0.1435546875,0.162841796875,0,NaN
166,243906639,NaN,NaN,NaN,NaN,8.61631107330322,3.22631859779358,3.95050311088562,-5.86612844467163,-0.809988915920258,0.701960921287537,-0.9404296875,-0.142822265625,0.163330078125,0,NaN
167,243923306,NaN,NaN,NaN,NaN,8.60043144226074,3.03764152526855,3.94122195243835,-6.48512363433838,-0.27459380030632,0.529485046863556,-0.939697265625,-0.142822265625,0.163818359375,0,NaN
168,243939973,NaN,NaN,NaN,NaN,8.63726139068604,2.95638227462769,3.94350910186768,-2.39013838768005,0.545659363269806,0.458806693553925,-0.939208984375,-0.145751953125,0.162841796875,0,NaN
169,243956640,NaN,NaN,NaN,NaN,8.6647891998291,3.04953408241272,3.97265028953552,1.85901463031769,1.51224422454834,0.243134945631027,-0.938720703125,-0.142822265625,0.162109375,0,NaN
170,243973307,NaN,NaN,NaN,NaN,8.62948989868164,3.16659617424011,3.96022701263428,2.50468516349792,2.02308964729309,0.334239333868027,-0.940185546875,-0.141845703125,0.162109375,0,NaN
171,243989974,NaN,NaN,NaN,NaN,8.63283443450928,3.12134766578674,4.02862691879272,1.94885122776031,2.34012365341187,0.582592904567719,-0.93701171875,-0.141845703125,0.162109375,0,NaN
172,244006641,NaN,NaN,NaN,NaN,8.58109378814697,3.09992980957031,4.03276443481445,1.89762568473816,2.6504852771759,0.32531327009201,-0.939697265625,-0.142822265625,0.159912109375,0,NaN
173,244023308,NaN,NaN,NaN,NaN,8.52181720733643,3.116614818573,4.01516962051392,1.89780497550964,2.63548922538757,0.126930147409439,-0.936279296875,-0.14404296875,0.1611328125,0,NaN
174,244039975,NaN,NaN,NaN,NaN,8.49773120880127,3.11193299293518,4.00242042541504,1.47428619861603,2.19691014289856,-0.226172968745232,-0.93798828125,-0.141357421875,0.156494140625,0,NaN
175,244056642,NaN,NaN,NaN,NaN,8.50196743011475,3.10230302810669,4.02028465270996,1.6196254491806,1.8242963552475,-0.332990735769272,-0.936767578125,-0.145751953125,0.15771484375,0,NaN
176,244073309,NaN,NaN,NaN,NaN,8.49837684631348,3.10612034797668,4.01779460906982,1.25131475925446,1.41474938392639,-0.439782828092575,-0.9384765625,-0.14404296875,0.15771484375,0,NaN
177,244089976,NaN,NaN,NaN,NaN,8.5104455947876,3.12690925598145,3.9809684753418,0.952683627605438,0.647226572036743,-0.34003421664238,-0.939697265625,-0.144775390625,0.155029296875,0,NaN
178,244106643,NaN,NaN,NaN,NaN,8.5602445602417,3.09816789627075,3.96575546264648,0.821149528026581,0.416609764099121,-0.0694488361477852,-0.936767578125,-0.14404296875,0.155029296875,0,NaN
179,244123310,NaN,NaN,NaN,NaN,8.55652809143066,3.07571506500244,3.98293781280518,0.940671145915985,0.0723878890275955,-0.066375307738781,-0.9375,-0.146484375,0.154296875,0,NaN
180,244139977,NaN,NaN,NaN,NaN,8.56285572052002,3.06165385246277,3.96338081359863,1.26883387565613,-0.462091505527496,-0.0091053145006299,-0.9384765625,-0.1435546875,0.155517578125,0,NaN
181,244156644,NaN,NaN,NaN,NaN,8.59114933013916,3.10753059387207,3.94009876251221,1.66050338745117,-0.441601365804672,0.0061406446620822,-0.939453125,-0.14306640625,0.15380859375,0,NaN
182,244173311,NaN,NaN,NaN,NaN,8.58311462402344,3.12672257423401,3.96288776397705,1.30831587314606,-0.513137638568878,0.101701632142067,-0.9384765625,-0.14306640625,0.156494140625,0,NaN
183,244189978,NaN,NaN,NaN,NaN,8.55584907531738,3.07934546470642,3.9309663772583,1.44484448432922,-0.568012833595276,0.153823480010033,-0.940185546875,-0.14306640625,0.15380859375,0,NaN
184,244206645,NaN,NaN,NaN,NaN,8.56029033660889,3.08571529388428,3.94904637336731,2.20350551605225,-0.404693454504013,0.146613508462906,-0.93798828125,-0.142578125,0.152099609375,0,NaN
185,244223312,NaN,NaN,NaN,NaN,8.56649017333984,3.12399101257324,3.98307466506958,1.74976348876953,-0.552875697612762,0.441556513309479,-0.939453125,-0.144775390625,0.152099609375,0,NaN
186,244239979,NaN,NaN,NaN,NaN,8.56594848632812,3.10966396331787,3.97032403945923,1.28009068965912,-0.701237380504608,0.608179926872253,-0.9384765625,-0.145263671875,0.155517578125,0,NaN
187,244256646,NaN,NaN,NaN,NaN,8.55819320678711,3.07883453369141,3.98940253257751,1.47388911247253,-0.758878588676453,0.766479134559631,-0.939697265625,-0.145751953125,0.15380859375,0,NaN
188,244273313,NaN,NaN,NaN,NaN,8.56037330627441,3.05455541610718,4.01144075393677,2.10462760925293,-0.767330884933472,0.70908123254776,-0.936279296875,-0.144287109375,0.152587890625,0,NaN
189,244289980,NaN,NaN,NaN,NaN,8.54319190979004,3.09715056419373,4.03365087509155,2.0302996635437,-0.890130996704102,0.719480037689209,-0.936279296875,-0.145263671875,0.151123046875,0,NaN
190,244306647,NaN,NaN,NaN,NaN,8.55693435668945,3.10792517662048,4.00627088546753,1.71151113510132,-1.00627183914185,0.758334457874298,-0.9384765625,-0.1435546875,0.15380859375,0,NaN
191,244323314,NaN,NaN,NaN,NaN,8.55407905578613,3.09714770317078,4.00626993179321,1.19987177848816,-1.05695927143097,0.569261491298676,-0.93896484375,-0.14404296875,0.15087890625,0,NaN
192,244339981,NaN,NaN,NaN,NaN,8.57002067565918,3.11933970451355,3.98589563369751,0.907989323139191,-0.918625116348267,0.559605538845062,-0.936767578125,-0.1474609375,0.155517578125,0,NaN
193,244356648,NaN,NaN,NaN,NaN,8.58760833740234,3.11964297294617,3.94607639312744,0.451378971338272,-0.933531582355499,0.60701459646225,-0.939697265625,-0.146484375,0.1533203125,0,NaN
194,244373315,NaN,NaN,NaN,NaN,8.58970069885254,3.11672067642212,3.97204613685608,1.12442946434021,-0.771864295005798,0.507906198501587,-0.9384765625,-0.145751953125,0.152587890625,0,NaN
195,244389982,NaN,NaN,NaN,NaN,8.59250354766846,3.1351945400238,3.99915218353271,1.02658891677856,-0.622337400913239,0.620858252048492,-0.93896484375,-0.141845703125,0.1533203125,0,NaN
196,244406649,NaN,NaN,NaN,NaN,8.56868362426758,3.14781808853149,3.97437357902527,0.633017957210541,-0.630405426025391,0.553772211074829,-0.936767578125,-0.1435546875,0.1533203125,0,NaN
197,244423316,NaN,NaN,NaN,NaN,8.55307006835938,3.12207913398743,3.9950213432312,0.27234622836113,-0.843157231807709,0.473175436258316,-0.9384765625,-0.145751953125,0.1533203125,0,NaN
198,244439983,NaN,NaN,NaN,NaN,8.54062557220459,3.11720132827759,3.97894549369812,0.383057117462158,-1.13944494724274,0.405045658349991,-0.93798828125,-0.144287109375,0.152099609375,0,NaN
199,244456650,NaN,NaN,NaN,NaN,8.52568626403809,3.12915921211243,3.97543478012085,0.507534861564636,-1.40247464179993,0.310983002185822,-0.93896484375,-0.145751953125,0.15087890625,0,NaN
200,244473317,NaN,NaN,NaN,NaN,8.54076480865479,3.14161777496338,3.97459721565247,0.413753986358643,-1.63409030437469,0.158805161714554,-0.93896484375,-0.145263671875,0.154296875,0,NaN
201,244489984,NaN,NaN,NaN,NaN,8.56345748901367,3.13630032539368,3.96480321884155,0.354665488004684,-1.74973177909851,0.292106449604034,-0.940673828125,-0.14306640625,0.152099609375,0,NaN
202,244506651,NaN,NaN,NaN,NaN,8.55130672454834,3.10089230537415,3.97795104980469,0.615479588508606,-1.87329995632172,0.400499373674393,-0.93896484375,-0.145263671875,0.15087890625,0,NaN
203,244523318,NaN,NaN,NaN,NaN,8.55079936981201,3.12114405632019,3.95481967926025,1.12883496284485,-2.03414797782898,0.228177145123482,-0.93798828125,-0.1435546875,0.155029296875,0,NaN
204,244539985,NaN,NaN,NaN,NaN,8.53706550598145,3.14853858947754,3.95185947418213,0.741058647632599,-2.09424805641174,0.364462316036224,-0.93896484375,-0.14404296875,0.15380859375,0,NaN
205,244556652,NaN,NaN,NaN,NaN,8.56701946258545,3.12430548667908,3.96098971366882,0.777479827404022,-1.8604040145874,0.212822318077087,-0.93896484375,-0.14306640625,0.1533203125,0,NaN
206,244573319,NaN,NaN,NaN,NaN,8.60239505767822,3.08605575561523,4.01095056533813,1.12925755977631,-2.06047773361206,0.357713401317596,-0.93896484375,-0.14306640625,0.155029296875,0,NaN
207,244589986,NaN,NaN,NaN,NaN,8.60944747924805,3.09497737884521,4.02390003204346,1.39543759822845,-2.47962951660156,0.419273525476456,-0.936279296875,-0.142578125,0.156005859375,0,NaN
208,244606653,NaN,NaN,NaN,NaN,8.58596992492676,3.10508871078491,3.99223566055298,1.53661465644836,-2.53862833976746,0.488184422254562,-0.939697265625,-0.1435546875,0.159423828125,0,NaN
209,244623320,NaN,NaN,NaN,NaN,8.54580211639404,3.13746953010559,3.93939471244812,1.97460472583771,-2.328373670578,0.626032114028931,-0.939697265625,-0.1435546875,0.158203125,0,NaN
210,244639987,NaN,NaN,NaN,NaN,8.54930210113525,3.12545418739319,3.96268820762634,1.45273327827454,-1.99081122875214,0.674427270889282,-0.9384765625,-0.14404296875,0.158935546875,0,NaN
211,244656654,NaN,NaN,NaN,NaN,8.58091926574707,3.10273313522339,4.01652050018311,1.24820280075073,-1.4592193365097,0.524234235286713,-0.939697265625,-0.14404296875,0.155029296875,0,NaN
212,244673321,NaN,NaN,NaN,NaN,8.61131381988525,3.1011905670166,4.01652860641479,1.28274166584015,-0.829774618148804,0.547938883304596,-0.940185546875,-0.1435546875,0.158935546875,0,NaN
213,244689988,NaN,NaN,NaN,NaN,8.61398410797119,3.12955355644226,4.01192998886108,1.19594657421112,-0.346245318651199,0.560431480407715,-0.939208984375,-0.144775390625,0.1572265625,0,NaN
214,244706655,NaN,NaN,NaN,NaN,8.61280822753906,3.13946771621704,4.05442428588867,0.959662914276123,0.178975135087967,0.479821860790253,-0.93896484375,-0.14306640625,0.155029296875,0,NaN
215,244723322,NaN,NaN,NaN,NaN,8.63238143920898,3.11217927932739,4.06057405471802,0.659533441066742,0.513438642024994,0.416404902935028,-0.940673828125,-0.14453125,0.156494140625,0,NaN
216,244739989,NaN,NaN,NaN,NaN,8.60061645507812,3.0996241569519,4.04803085327148,0.494510769844055,0.765493154525757,0.450789868831635,-0.93896484375,-0.144775390625,0.155517578125,0,NaN
217,244756656,NaN,NaN,NaN,NaN,8.57210636138916,3.10344195365906,4.04222011566162,0.261063903570175,0.896719872951508,0.327285498380661,-0.9384765625,-0.141357421875,0.1533203125,0,NaN
218,244773323,NaN,NaN,NaN,NaN,8.51989078521729,3.09861898422241,4.02683448791504,0.311367183923721,0.838079452514648,0.369892179965973,-0.9375,-0.144775390625,0.155517578125,0,NaN
219,244789990,NaN,NaN,NaN,NaN,8.49553871154785,3.10484266281128,3.99185943603516,0.542829155921936,0.953247010707855,0.34380567073822,-0.937255859375,-0.1435546875,0.155029296875,0,NaN
220,244806657,NaN,NaN,NaN,NaN,8.51220321655273,3.11090564727783,4.0051121711731,0.835172533988953,0.773241102695465,0.339156985282898,-0.9384765625,-0.142578125,0.154296875,0,NaN
221,244823324,NaN,NaN,NaN,NaN,8.52954959869385,3.09396433830261,4.0042552947998,1.049973487854,0.517549455165863,0.452928572893143,-0.9384765625,-0.141845703125,0.1533203125,0,NaN
222,244839991,NaN,NaN,NaN,NaN,8.54391670227051,3.10995721817017,3.98932909965515,1.32160902023315,0.122934550046921,0.443426251411438,-0.936767578125,-0.144775390625,0.154296875,0,NaN
223,244856658,NaN,NaN,NaN,NaN,8.55907249450684,3.10585021972656,3.97262835502625,1.20975828170776,-0.386969447135925,0.542035102844238,-0.937744140625,-0.141357421875,0.15087890625,0,NaN
224,244873325,NaN,NaN,NaN,NaN,8.57052516937256,3.11828207969666,3.96144676208496,1.21808254718781,-0.738952040672302,0.536041796207428,-0.9384765625,-0.14404296875,0.15380859375,0,NaN
225,244889992,NaN,NaN,NaN,NaN,8.58743476867676,3.12016868591309,3.94136095046997,1.32461833953857,-0.69352787733078,0.660686016082764,-0.939453125,-0.141845703125,0.152587890625,0,NaN
226,244906659,NaN,NaN,NaN,NaN,8.58962440490723,3.10721492767334,3.94317984580994,1.31034576892853,-0.805967688560486,0.713838756084442,-0.939453125,-0.142578125,0.150390625,0,NaN
227,244923326,NaN,NaN,NaN,NaN,8.57909679412842,3.10057854652405,3.92432022094727,1.37371802330017,-0.849291563034058,0.747794806957245,-0.93798828125,-0.142578125,0.152587890625,0,NaN
228,244939993,NaN,NaN,NaN,NaN,8.58470153808594,3.119544506073,3.92725992202759,1.53752386569977,-0.790753662586212,0.796100258827209,-0.9384765625,-0.14306640625,0.152587890625,0,NaN
229,244956660,NaN,NaN,NaN,NaN,8.57080078125,3.13914656639099,3.94764447212219,1.09596109390259,-0.769584774971008,0.890726506710052,-0.93798828125,-0.142333984375,0.156005859375,0,NaN
230,244973327,NaN,NaN,NaN,NaN,8.57727432250977,3.10831117630005,3.96608185768127,1.07192349433899,-0.984091222286224,0.888690292835236,-0.939453125,-0.142578125,0.152587890625,0,NaN
231,244989994,NaN,NaN,NaN,NaN,8.57190799713135,3.09660315513611,3.95508289337158,1.22942864894867,-1.06775486469269,0.820457935333252,-0.935546875,-0.141357421875,0.152587890625,0,NaN
232,245006661,NaN,NaN,NaN,NaN,8.57007217407227,3.07838773727417,3.9546594619751,1.83377325534821,-1.33539485931396,0.651631951332092,-0.937744140625,-0.141845703125,0.1494140625,0,NaN
233,245023328,NaN,NaN,NaN,NaN,8.57096099853516,3.12299728393555,3.99619460105896,2.00020456314087,-1.50815236568451,0.781769990921021,-0.9384765625,-0.140869140625,0.15380859375,0,NaN
234,245039995,NaN,NaN,NaN,NaN,8.57842540740967,3.13758587837219,3.99031805992126,1.67350828647614,-1.63323867321014,0.84482216835022,-0.940185546875,-0.145751953125,0.1533203125,0,NaN
235,245056662,NaN,NaN,NaN,NaN,8.57032871246338,3.12023949623108,3.9819450378418,1.57651925086975,-1.60368812084198,0.848888158798218,-0.940185546875,-0.140869140625,0.15380859375,0,NaN
236,245073329,NaN,NaN,NaN,NaN,8.55027198791504,3.10081005096436,3.97618293762207,1.94549572467804,-1.67204809188843,0.799826979637146,-0.937744140625,-0.142578125,0.151611328125,0,NaN
237,245089996,NaN,NaN,NaN,NaN,8.5820140838623,3.10232973098755,3.98137855529785,1.98107182979584,-1.57762694358826,0.725524544715881,-0.940185546875,-0.141845703125,0.152587890625,0,NaN
238,245106663,NaN,NaN,NaN,NaN,8.58886909484863,3.12537121772766,4.01134347915649,1.5353981256485,-1.36920380592346,0.646483778953552,-0.93896484375,-0.141845703125,0.152099609375,0,NaN
239,245123330,NaN,NaN,NaN,NaN,8.581467628479,3.12683963775635,4.01138830184937,1.33066296577454,-1.27651119232178,0.629989147186279,-0.937255859375,-0.141357421875,0.154296875,0,NaN
240,245139997,NaN,NaN,NaN,NaN,8.59964847564697,3.12616801261902,4.00674819946289,1.2324765920639,-1.14017486572266,0.640976965427399,-0.93798828125,-0.14306640625,0.156005859375,0,NaN
241,245156664,NaN,NaN,NaN,NaN,8.58724117279053,3.11616849899292,3.99626731872559,1.04363429546356,-0.921058297157288,0.587139129638672,-0.936767578125,-0.14306640625,0.1533203125,0,NaN
242,245173331,NaN,NaN,NaN,NaN,8.58817386627197,3.10218191146851,3.98962926864624,1.00615000724792,-0.971387147903442,0.514296591281891,-0.939697265625,-0.14306640625,0.155029296875,0,NaN
243,245189998,NaN,NaN,NaN,NaN,8.56500720977783,3.11366939544678,3.99655103683472,1.56841278076172,-1.03138494491577,0.509814262390137,-0.935791015625,-0.14306640625,0.155517578125,0,NaN
244,245206665,NaN,NaN,NaN,NaN,8.57654857635498,3.11142826080322,3.99299669265747,2.03013300895691,-0.850136816501617,0.509993672370911,-0.9375,-0.141357421875,0.156005859375,0,NaN
245,245223332,NaN,NaN,NaN,NaN,8.5740852355957,3.13835024833679,4.0029239654541,1.45544826984406,-0.864595115184784,0.4454625248909,-0.93798828125,-0.141357421875,0.156005859375,0,NaN
246,245239999,NaN,NaN,NaN,NaN,8.57457637786865,3.11966300010681,3.99081301689148,0.350733906030655,-0.869423151016235,0.450956404209137,-0.9384765625,-0.141357421875,0.155029296875,0,NaN
247,245256666,NaN,NaN,NaN,NaN,8.56188678741455,3.08318758010864,3.97261619567871,0.319204658269882,-0.806838393211365,0.428891032934189,-0.936767578125,-0.14306640625,0.1572265625,0,NaN
248,245273333,NaN,NaN,NaN,NaN,8.55764675140381,3.07797455787659,3.98049378395081,0.92394608259201,-0.851225256919861,0.436562031507492,-0.9384765625,-0.141357421875,0.155517578125,0,NaN
249,245290000,NaN,NaN,NaN,NaN,8.55410671234131,3.07898378372192,3.96707630157471,1.25675761699677,-0.969850480556488,0.419875383377075,-0.936279296875,-0.144287109375,0.154296875,0,NaN
250,245306667,NaN,NaN,NaN,NaN,8.57981395721436,3.11729383468628,3.97565793991089,1.22752058506012,-1.00135409832001,0.474558442831039,-0.9384765625,-0.14013671875,0.154296875,0,NaN
251,245323334,NaN,NaN,NaN,NaN,8.62578678131104,3.09505224227905,3.98711061477661,0.91644161939621,-1.17840182781219,0.544942140579224,-0.93896484375,-0.145263671875,0.154296875,0,NaN
252,245340001,NaN,NaN,NaN,NaN,8.61933135986328,3.07776594161987,4.02197742462158,0.641694188117981,-1.4843327999115,0.540716171264648,-0.939697265625,-0.142333984375,0.1572265625,0,NaN
253,245356668,NaN,NaN,NaN,NaN,8.61296558380127,3.07985091209412,3.96443033218384,1.1945184469223,-1.50049412250519,0.523709177970886,-0.940185546875,-0.14013671875,0.162109375,0,NaN
254,245373335,NaN,NaN,NaN,NaN,8.56245517730713,3.11467432975769,3.96322298049927,1.39265835285187,-1.33752071857452,0.807907700538635,-0.93896484375,-0.141845703125,0.156494140625,0,NaN
255,245390002,NaN,NaN,NaN,NaN,8.54387283325195,3.13358497619629,3.97008991241455,1.19755375385284,-1.13154339790344,0.846237123012543,-0.936767578125,-0.140869140625,0.154296875,0,NaN
256,245406669,NaN,NaN,NaN,NaN,8.53978443145752,3.0871639251709,3.94932627677917,0.790542364120483,-0.973000824451447,0.902687609195709,-0.9384765625,-0.142333984375,0.156005859375,0,NaN
257,245423336,NaN,NaN,NaN,NaN,8.58302021026611,3.10251903533936,3.98457789421082,1.20915627479553,-0.866849005222321,0.79747062921524,-0.9384765625,-0.14306640625,0.1572265625,0,NaN
258,245440003,NaN,NaN,NaN,NaN,8.57428359985352,3.11214971542358,3.99919176101685,1.29704618453979,-0.876978814601898,0.780873537063599,-0.937255859375,-0.141357421875,0.1533203125,0,NaN
259,245456670,NaN,NaN,NaN,NaN,8.57580184936523,3.152498960495,3.97961735725403,1.11806488037109,-1.03006601333618,0.637301564216614,-0.936767578125,-0.144775390625,0.155517578125,0,NaN
260,245473337,NaN,NaN,NaN,NaN,8.58520412445068,3.14070677757263,3.97745847702026,0.564715206623077,-1.06738364696503,0.66889488697052,-0.93798828125,-0.141357421875,0.155029296875,0,NaN
261,245490004,NaN,NaN,NaN,NaN,8.59842395782471,3.08789086341858,3.9696249961853,0.657330691814423,-1.09313726425171,0.606438338756561,-0.93896484375,-0.141845703125,0.154296875,0,NaN
262,245506671,NaN,NaN,NaN,NaN,8.58586978912354,3.11072039604187,3.99217796325684,0.924817025661469,-1.10795426368713,0.516742646694183,-0.9384765625,-0.140869140625,0.154296875,0,NaN
263,245523338,NaN,NaN,NaN,NaN,8.54633712768555,3.14589762687683,3.99387526512146,0.715945422649384,-1.25573933124542,0.613763511180878,-0.940185546875,-0.14013671875,0.154296875,0,NaN
264,245540005,NaN,NaN,NaN,NaN,8.5453519821167,3.11944222450256,3.9543788433075,0.567455887794495,-1.1488960981369,0.549667775630951,-0.936279296875,-0.141357421875,0.155517578125,0,NaN
265,245556672,NaN,NaN,NaN,NaN,8.53340244293213,3.10304355621338,3.98288893699646,0.992716252803802,-1.12288630008698,0.593401372432709,-0.940185546875,-0.141845703125,0.156005859375,0,NaN
266,245573339,NaN,NaN,NaN,NaN,8.56545925140381,3.06717085838318,4.02959299087524,1.6718817949295,-1.32058441638947,0.460862100124359,-0.937255859375,-0.142578125,0.155029296875,0,NaN
267,245590006,NaN,NaN,NaN,NaN,8.59158992767334,3.13102531433105,4.01406288146973,1.71796560287476,-1.42865097522736,0.430786430835724,-0.936767578125,-0.140869140625,0.155517578125,0,NaN
268,245606673,NaN,NaN,NaN,NaN,8.5970344543457,3.14387965202332,4.02734994888306,0.854779064655304,-1.44353175163269,0.385490357875824,-0.93505859375,-0.141357421875,0.156005859375,0,NaN
269,245623340,NaN,NaN,NaN,NaN,8.59311103820801,3.09769606590271,3.98711013793945,0.756311058998108,-1.25312697887421,0.515180230140686,-0.93798828125,-0.14013671875,0.154296875,0,NaN
270,245640007,NaN,NaN,NaN,NaN,8.58333778381348,3.0874490737915,3.97110772132874,1.25034165382385,-1.11211633682251,0.558260798454285,-0.936767578125,-0.141357421875,0.156494140625,0,NaN
271,245656674,NaN,NaN,NaN,NaN,8.56658172607422,3.11429047584534,3.97372150421143,1.57703149318695,-0.833027362823486,0.615210592746735,-0.939697265625,-0.141357421875,0.156494140625,0,NaN
272,245673341,NaN,NaN,NaN,NaN,8.55983924865723,3.12048578262329,4.0087308883667,1.21837043762207,-0.619609653949738,0.723866105079651,-0.937255859375,-0.1396484375,0.154296875,0,NaN
273,245690008,NaN,NaN,NaN,NaN,8.55782222747803,3.1251220703125,4.00437164306641,0.469884246587753,-0.476152926683426,0.560028076171875,-0.93896484375,-0.140869140625,0.155517578125,0,NaN
274,245706675,NaN,NaN,NaN,NaN,8.55560779571533,3.08737874031067,3.9892737865448,0.395492106676102,-0.602103352546692,0.451635152101517,-0.9384765625,-0.141357421875,0.1572265625,0,NaN
275,245723342,NaN,NaN,NaN,NaN,8.57244968414307,3.0829598903656,4.01275062561035,0.865792572498322,-0.700392127037048,0.49210324883461,-0.9384765625,-0.140869140625,0.155029296875,0,NaN
276,245740009,NaN,NaN,NaN,NaN,8.57464981079102,3.09978723526001,4.01175117492676,1.28654503822327,-0.67132169008255,0.353090286254883,-0.936767578125,-0.140869140625,0.156494140625,0,NaN
277,245756676,NaN,NaN,NaN,NaN,8.58035182952881,3.1246542930603,4.01122951507568,1.07507395744324,-0.722047626972198,0.482831418514252,-0.93798828125,-0.13916015625,0.1572265625,0,NaN
278,245773343,NaN,NaN,NaN,NaN,8.58526229858398,3.11096501350403,3.99718809127808,0.599471628665924,-0.657452404499054,0.475250065326691,-0.93798828125,-0.1396484375,0.155517578125,0,NaN
279,245790010,NaN,NaN,NaN,NaN,8.58818435668945,3.07432413101196,4.00669622421265,0.891866266727448,-0.530003607273102,0.549629330635071,-0.93896484375,-0.142333984375,0.154296875,0,NaN
280,245806677,NaN,NaN,NaN,NaN,8.57926750183105,3.09595823287964,4.00614023208618,1.47532367706299,-0.423032134771347,0.513220906257629,-0.936767578125,-0.141357421875,0.15771484375,0,NaN
281,245823344,NaN,NaN,NaN,NaN,8.58993148803711,3.11203074455261,4.01543998718262,1.54647564888,-0.409150093793869,0.544929385185242,-0.940185546875,-0.141845703125,0.154296875,0,NaN
282,245840011,NaN,NaN,NaN,NaN,8.58430290222168,3.13867378234863,4.00727987289429,0.958331167697906,-0.3996861577034,0.612213909626007,-0.93798828125,-0.1396484375,0.15771484375,0,NaN
283,245856678,NaN,NaN,NaN,NaN,8.57145214080811,3.09895277023315,3.98366975784302,0.573052108287811,-0.392322480678558,0.617451667785645,-0.9384765625,-0.1396484375,0.155029296875,0,NaN
284,245873345,NaN,NaN,NaN,NaN,8.56097793579102,3.09957265853882,3.99439167976379,1.09523093700409,-0.405807584524155,0.659174859523773,-0.936767578125,-0.140869140625,0.1572265625,0,NaN
285,245890012,NaN,NaN,NaN,NaN,8.57662963867188,3.12843775749207,3.99613928794861,1.34340536594391,-0.357092261314392,0.524746656417847,-0.93896484375,-0.14013671875,0.155517578125,0,NaN
286,245906679,NaN,NaN,NaN,NaN,8.57890892028809,3.13401412963867,4.0155143737793,1.30248880386353,-0.267780780792236,0.474392026662827,-0.93408203125,-0.140380859375,0.155029296875,0,NaN
287,245923346,NaN,NaN,NaN,NaN,8.57096862792969,3.13624906539917,4.00584030151367,1.21920931339264,-0.326036870479584,0.427636027336121,-0.937255859375,-0.141357421875,0.154296875,0,NaN
288,245940013,NaN,NaN,NaN,NaN,8.58258056640625,3.12352514266968,3.98331499099731,1.17912542819977,-0.390401601791382,0.285139799118042,-0.93798828125,-0.141357421875,0.1533203125,0,NaN
289,245956680,NaN,NaN,NaN,NaN,8.57085609436035,3.14846253395081,3.99757170677185,1.04681026935577,-0.404629439115524,0.171970084309578,-0.93798828125,-0.141845703125,0.154296875,0,NaN
290,245973347,NaN,NaN,NaN,NaN,8.56812858581543,3.13824701309204,3.96057057380676,0.363053619861603,-0.392028003931046,0.109923295676708,-0.937255859375,-0.137939453125,0.15380859375,0,NaN
291,245990014,NaN,NaN,NaN,NaN,8.58837985992432,3.112637758255,3.95518159866333,0.0861162915825844,-0.360690832138062,-0.0129472194239497,-0.936767578125,-0.141357421875,0.15380859375,0,NaN
292,246006681,NaN,NaN,NaN,NaN,8.58055877685547,3.07685708999634,3.96447563171387,0.316739439964294,-0.301166892051697,-0.0699738934636116,-0.93896484375,-0.140869140625,0.155029296875,0,NaN
293,246023348,NaN,NaN,NaN,NaN,8.55622863769531,3.09288287162781,3.96447491645813,1.07812166213989,-0.489650785923004,0.0190622508525848,-0.93896484375,-0.1435546875,0.15380859375,0,NaN
294,246040015,NaN,NaN,NaN,NaN,8.53101825714111,3.07753324508667,3.95944905281067,1.26427471637726,-0.660666823387146,-0.0414925739169121,-0.93798828125,-0.1396484375,0.155029296875,0,NaN
295,246056682,NaN,NaN,NaN,NaN,8.54671287536621,3.07068276405334,3.98861932754517,0.868238568305969,-0.911940097808838,-0.0663368850946426,-0.9384765625,-0.141357421875,0.152587890625,0,NaN
296,246073349,NaN,NaN,NaN,NaN,8.56441307067871,3.06990766525269,3.97067523002625,1.04072713851929,-1.05214405059814,-0.000678736483678222,-0.936767578125,-0.140869140625,0.15380859375,0,NaN
297,246090016,NaN,NaN,NaN,NaN,8.60469436645508,3.0621657371521,3.99124026298523,1.53986752033234,-1.56231069564819,0.128261998295784,-0.93896484375,-0.141845703125,0.154296875,0,NaN
298,246106683,NaN,NaN,NaN,NaN,8.62014770507812,3.09097838401794,4.00008058547974,1.2271363735199,-1.61580276489258,0.268811702728271,-0.939453125,-0.141845703125,0.1533203125,0,NaN
299,246123350,NaN,NaN,NaN,NaN,8.58926868438721,3.07807493209839,3.95304083824158,1.20135712623596,-1.67842578887939,0.497584342956543,-0.93896484375,-0.14013671875,0.151611328125,0,NaN
300,246140017,NaN,NaN,NaN,NaN,8.58989334106445,3.07464480400085,3.97250366210938,1.45720887184143,-1.57477116584778,0.765730082988739,-0.9384765625,-0.1396484375,0.154296875,0,NaN
301,246156684,NaN,NaN,NaN,NaN,8.56606292724609,3.08785486221313,3.96450734138489,1.15170061588287,-1.27781748771667,0.871484875679016,-0.93896484375,-0.140869140625,0.154296875,0,NaN
302,246173351,NaN,NaN,NaN,NaN,8.55911922454834,3.08827924728394,3.97606873512268,1.00183439254761,-0.991057872772217,0.667230010032654,-0.939697265625,-0.140869140625,0.155029296875,0,NaN
303,246190018,NaN,NaN,NaN,NaN,8.57042026519775,3.08798694610596,4.00761318206787,0.631525993347168,-1.00275003910065,0.623919010162354,-0.936279296875,-0.141357421875,0.152099609375,0,NaN
304,246206685,NaN,NaN,NaN,NaN,8.57463264465332,3.06876277923584,4.02439546585083,0.6073859333992,-1.02737653255463,0.563857138156891,-0.940673828125,-0.14013671875,0.1572265625,0,NaN
305,246223352,NaN,NaN,NaN,NaN,8.58816719055176,3.09131026268005,3.99820876121521,0.808945119380951,-1.1074675321579,0.558862745761871,-0.93798828125,-0.137451171875,0.1572265625,0,NaN
306,246240019,NaN,NaN,NaN,NaN,8.60136413574219,3.08562755584717,3.97397661209106,0.614800810813904,-1.10999023914337,0.65572988986969,-0.937255859375,-0.141357421875,0.154296875,0,NaN
307,246256686,NaN,NaN,NaN,NaN,8.62710094451904,3.07556247711182,3.97566819190979,0.602378666400909,-1.02916944026947,0.734796345233917,-0.940185546875,-0.137451171875,0.156005859375,0,NaN
308,246273353,NaN,NaN,NaN,NaN,8.60061645507812,3.07458591461182,3.95455884933472,0.765198707580566,-1.03322923183441,0.788583040237427,-0.9375,-0.1396484375,0.156494140625,0,NaN
309,246290020,NaN,NaN,NaN,NaN,8.55082321166992,3.07859230041504,3.95700573921204,0.698170185089111,-1.02402138710022,0.875474154949188,-0.9384765625,-0.140869140625,0.1533203125,0,NaN
310,246306687,NaN,NaN,NaN,NaN,8.55580615997314,3.07144284248352,3.94926691055298,0.791752636432648,-0.934133589267731,0.844373941421509,-0.93798828125,-0.14013671875,0.159423828125,0,NaN
311,246323354,NaN,NaN,NaN,NaN,8.59704875946045,3.06816101074219,3.98671102523804,1.18999171257019,-0.914482414722443,0.774387240409851,-0.936767578125,-0.140869140625,0.155029296875,0,NaN
312,246340021,NaN,NaN,NaN,NaN,8.591965675354,3.09510588645935,3.98034954071045,0.749241948127747,-1.1333235502243,0.669368743896484,-0.936279296875,-0.1396484375,0.156494140625,0,NaN
313,246356688,NaN,NaN,NaN,NaN,8.59933280944824,3.09457015991211,3.97459864616394,0.471523463726044,-1.26439654827118,0.758744239807129,-0.936767578125,-0.140869140625,0.152587890625,0,NaN
314,246373355,NaN,NaN,NaN,NaN,8.61216831207275,3.10788893699646,3.98151564598083,0.537616968154907,-1.21027684211731,0.822199583053589,-0.9384765625,-0.13916015625,0.1572265625,0,NaN
315,246390022,NaN,NaN,NaN,NaN,8.58542633056641,3.1101815700531,3.93511700630188,0.502457082271576,-1.21137177944183,0.846602141857147,-0.93896484375,-0.13623046875,0.1533203125,0,NaN
316,246406689,NaN,NaN,NaN,NaN,8.57938671112061,3.10387349128723,3.93724179267883,0.769014835357666,-1.02759420871735,0.899870157241821,-0.9384765625,-0.13916015625,0.15771484375,0,NaN
317,246423356,NaN,NaN,NaN,NaN,8.55986976623535,3.12149262428284,3.9422721862793,0.92140406370163,-0.984366536140442,0.867374122142792,-0.937255859375,-0.138427734375,0.156494140625,0,NaN
318,246440023,NaN,NaN,NaN,NaN,8.56987285614014,3.12767696380615,3.96541142463684,0.758475303649902,-1.06126224994659,0.819881677627563,-0.9375,-0.1396484375,0.156494140625,0,NaN
319,246456690,NaN,NaN,NaN,NaN,8.57601547241211,3.12800478935242,3.95608901977539,0.735923290252686,-1.2064733505249,0.731530666351318,-0.935546875,-0.136962890625,0.155029296875,0,NaN
320,246473357,NaN,NaN,NaN,NaN,8.55668163299561,3.13806462287903,3.96651172637939,0.809790313243866,-1.24464917182922,0.651516675949097,-0.936767578125,-0.13916015625,0.156005859375,0,NaN
321,246490024,NaN,NaN,NaN,NaN,8.59578800201416,3.13146638870239,3.96999740600586,0.693239688873291,-1.39420163631439,0.597448229789734,-0.936279296875,-0.140869140625,0.154296875,0,NaN
322,246506691,NaN,NaN,NaN,NaN,8.57267951965332,3.13880014419556,3.95452880859375,0.517472565174103,-1.42925274372101,0.433065921068192,-0.9384765625,-0.138427734375,0.155029296875,0,NaN
323,246523358,NaN,NaN,NaN,NaN,8.58983612060547,3.13697028160095,3.94017577171326,0.341346859931946,-1.24577617645264,0.513758718967438,-0.939453125,-0.1357421875,0.156005859375,0,NaN
324,246540025,NaN,NaN,NaN,NaN,8.59733009338379,3.14061713218689,3.92316341400146,0.0406025350093842,-1.27827858924866,0.364334225654602,-0.939453125,-0.13623046875,0.15478515625,0,NaN
325,246556692,NaN,NaN,NaN,NaN,8.60500049591064,3.13922023773193,3.94793748855591,0.219468832015991,-1.30637586116791,0.298586457967758,-0.937255859375,-0.138427734375,0.156005859375,0,NaN
326,246573359,NaN,NaN,NaN,NaN,8.59876728057861,3.13605618476868,3.93782305717468,0.32101035118103,-1.2181783914566,0.280759990215302,-0.93896484375,-0.13623046875,0.155517578125,0,NaN
327,246590026,NaN,NaN,NaN,NaN,8.58801078796387,3.15552663803101,3.95126509666443,0.531328976154327,-1.22850024700165,0.370801448822021,-0.9375,-0.138427734375,0.1572265625,0,NaN
328,246606693,NaN,NaN,NaN,NaN,8.57391834259033,3.13839197158813,3.91022562980652,0.444988667964935,-1.19205355644226,0.365281969308853,-0.936767578125,-0.137939453125,0.159423828125,0,NaN
329,246623360,NaN,NaN,NaN,NaN,8.58531951904297,3.15668177604675,3.93908452987671,0.681265830993652,-1.23247027397156,0.42536935210228,-0.9384765625,-0.13671875,0.156494140625,0,NaN
330,246640027,NaN,NaN,NaN,NaN,8.56480026245117,3.14708614349365,3.96169900894165,0.77169144153595,-1.26497268676758,0.329629004001617,-0.93896484375,-0.1396484375,0.156494140625,0,NaN
331,246656694,NaN,NaN,NaN,NaN,8.54673290252686,3.16320323944092,3.9664900302887,0.958254337310791,-1.45691430568695,0.388115644454956,-0.936279296875,-0.13525390625,0.158935546875,0,NaN
332,246673361,NaN,NaN,NaN,NaN,8.55015850067139,3.18869996070862,3.94889235496521,1.21159589290619,-1.44376218318939,0.276104897260666,-0.9384765625,-0.137939453125,0.156494140625,0,NaN
333,246690028,NaN,NaN,NaN,NaN,8.54217529296875,3.19217944145203,3.9441556930542,0.999670147895813,-1.80283951759338,0.480487853288651,-0.94140625,-0.13623046875,0.158935546875,0,NaN
334,246706695,NaN,NaN,NaN,NaN,8.5736608505249,3.17830872535706,3.98261737823486,0.787571310997009,-1.68078219890594,0.45939576625824,-0.9384765625,-0.134521484375,0.15771484375,0,NaN
335,246723362,NaN,NaN,NaN,NaN,8.55540561676025,3.1599338054657,3.97933793067932,0.711527287960052,-1.63795781135559,0.326990932226181,-0.940673828125,-0.13623046875,0.159912109375,0,NaN
336,246740029,NaN,NaN,NaN,NaN,8.58098983764648,3.16831612586975,3.96285581588745,0.894152164459229,-1.36545789241791,0.407370001077652,-0.93798828125,-0.13671875,0.163330078125,0,NaN
337,246756696,NaN,NaN,NaN,NaN,8.55759525299072,3.16835141181946,3.96556425094604,1.16667127609253,-1.1196014881134,0.303830683231354,-0.940185546875,-0.13671875,0.159423828125,0,NaN
338,246773363,NaN,NaN,NaN,NaN,8.55993747711182,3.20173907279968,3.97293281555176,1.24151790142059,-1.01248288154602,0.264982581138611,-0.939697265625,-0.1357421875,0.159423828125,0,NaN
339,246790030,NaN,NaN,NaN,NaN,8.56289577484131,3.16130661964417,3.97480154037476,1.1721203327179,-0.800742506980896,0.13364066183567,-0.940185546875,-0.1357421875,0.15771484375,0,NaN
340,246806697,NaN,NaN,NaN,NaN,8.53771018981934,3.18790602684021,4.01417016983032,1.09672951698303,-0.596609473228455,0.20793029665947,-0.940673828125,-0.13671875,0.15771484375,0,NaN
341,246823364,NaN,NaN,NaN,NaN,8.54173278808594,3.16251468658447,4.02199792861938,1.20817017555237,-0.652060866355896,0.141298860311508,-0.93896484375,-0.1357421875,0.158203125,0,NaN
342,246840031,NaN,NaN,NaN,NaN,8.58497333526611,3.16060447692871,4.00959968566895,1.50039839744568,-0.588311016559601,0.0667915195226669,-0.93896484375,-0.137451171875,0.155517578125,0,NaN
343,246856698,NaN,NaN,NaN,NaN,8.614333152771,3.14178037643433,4.03988409042358,1.80082249641418,-0.640560746192932,0.114034131169319,-0.941162109375,-0.13623046875,0.158203125,0,NaN
344,246873365,NaN,NaN,NaN,NaN,8.59967708587646,3.15363645553589,4.03353357315063,1.73634886741638,-0.542765080928802,0.36303436756134,-0.940185546875,-0.133544921875,0.156005859375,0,NaN
345,246890032,NaN,NaN,NaN,NaN,8.5700101852417,3.15047764778137,3.97739434242249,1.85296356678009,-0.200707510113716,0.521756291389465,-0.940185546875,-0.1357421875,0.15771484375,0,NaN
346,246906699,NaN,NaN,NaN,NaN,8.54075813293457,3.14447116851807,3.99620509147644,1.79504036903381,0.118445925414562,0.699469983577728,-0.9384765625,-0.13623046875,0.155517578125,0,NaN
347,246923366,NaN,NaN,NaN,NaN,8.53334140777588,3.12502765655518,3.97302889823914,2.12269735336304,0.472240567207336,0.554444551467896,-0.937255859375,-0.1328125,0.15771484375,0,NaN
348,246940033,NaN,NaN,NaN,NaN,8.53663921356201,3.12905645370483,3.99048638343811,2.36735010147095,0.727112531661987,0.351732820272446,-0.940185546875,-0.13623046875,0.158203125,0,NaN
349,246956700,NaN,NaN,NaN,NaN,8.55174922943115,3.14109206199646,4.00587606430054,2.14985966682434,0.838796734809875,0.418940544128418,-0.94287109375,-0.134521484375,0.155517578125,0,NaN
350,246973367,NaN,NaN,NaN,NaN,8.55724048614502,3.12945127487183,4.00998449325562,1.96124768257141,0.901509404182434,0.405762821435928,-0.940185546875,-0.134033203125,0.15380859375,0,NaN
351,246990034,NaN,NaN,NaN,NaN,8.55926132202148,3.08767318725586,3.98307275772095,2.27315902709961,0.929542541503906,0.517715930938721,-0.940673828125,-0.134033203125,0.155517578125,0,NaN
352,247006701,NaN,NaN,NaN,NaN,8.58096694946289,3.0996618270874,3.98969030380249,2.92570662498474,0.924176573753357,0.628900647163391,-0.93994140625,-0.13232421875,0.1533203125,0,NaN
353,247023368,NaN,NaN,NaN,NaN,8.5886926651001,3.13039636611938,4.01463937759399,3.11682868003845,1.04228961467743,0.572757661342621,-0.93994140625,-0.13232421875,0.15380859375,0,NaN
354,247040035,NaN,NaN,NaN,NaN,8.5617504119873,3.14259958267212,4.01376295089722,2.54648494720459,1.15520310401917,0.642629027366638,-0.939453125,-0.1318359375,0.1533203125,0,NaN
355,247056702,NaN,NaN,NaN,NaN,8.55521869659424,3.11038732528687,3.99143385887146,2.3343288898468,1.39025735855103,0.739092886447906,-0.939453125,-0.133544921875,0.152099609375,0,NaN
356,247073369,NaN,NaN,NaN,NaN,8.5558385848999,3.0999608039856,4.01695919036865,2.75174522399902,1.33360838890076,0.856699883937836,-0.9404296875,-0.129638671875,0.148193359375,0,NaN
357,247090036,NaN,NaN,NaN,NaN,8.5754976272583,3.11212873458862,4.04557704925537,3.14750003814697,1.34276509284973,0.907643675804138,-0.93896484375,-0.130859375,0.148681640625,0,NaN
358,247106703,NaN,NaN,NaN,NaN,8.60118865966797,3.15271687507629,4.05083131790161,3.24797868728638,1.62195634841919,1.12442970275879,-0.93994140625,-0.12841796875,0.15087890625,0,NaN
359,247123370,NaN,NaN,NaN,NaN,8.55519676208496,3.16180777549744,4.047438621521,3.1353919506073,1.91754639148712,1.3406457901001,-0.937255859375,-0.130859375,0.14697265625,0,NaN
360,247140037,NaN,NaN,NaN,NaN,8.56298065185547,3.20012283325195,4.07258796691895,3.83431148529053,1.96617197990417,1.62412714958191,-0.93994140625,-0.130126953125,0.146484375,0,NaN
361,247156704,NaN,NaN,NaN,NaN,8.54075145721436,3.18733167648315,4.07436275482178,4.65777254104614,2.68541502952576,1.75968241691589,-0.938720703125,-0.13134765625,0.141357421875,0,NaN
362,247173371,NaN,NaN,NaN,NaN,8.50576305389404,3.20127582550049,4.10004472732544,5.18020153045654,3.02633953094482,1.83172464370728,-0.94091796875,-0.1279296875,0.145263671875,0,NaN
363,247190038,NaN,NaN,NaN,NaN,8.48530197143555,3.23055243492126,4.12014627456665,5.47552824020386,3.33853268623352,1.48795080184937,-0.94091796875,-0.126953125,0.142578125,0,NaN
364,247206705,NaN,NaN,NaN,NaN,8.49403667449951,3.26369595527649,4.12472295761108,5.0145320892334,3.84468483924866,0.859139740467072,-0.94140625,-0.126953125,0.141357421875,0,NaN
365,247223372,NaN,NaN,NaN,NaN,8.49704360961914,3.22709989547729,4.08853530883789,3.93021774291992,4.2920093536377,0.4652419090271,-0.939208984375,-0.12744140625,0.13818359375,0,NaN
366,247240039,NaN,NaN,NaN,NaN,8.4898157119751,3.21074318885803,4.09588479995728,3.2199330329895,4.60414600372314,-0.0994925498962402,-0.939697265625,-0.125732421875,0.136474609375,0,NaN
367,247256706,NaN,NaN,NaN,NaN,8.48330974578857,3.20311880111694,4.07248544692993,3.53646087646484,4.97702121734619,-0.58110100030899,-0.9384765625,-0.1298828125,0.13525390625,0,NaN
368,247273373,NaN,NaN,NaN,NaN,8.51014614105225,3.19865274429321,4.10553932189941,3.29025840759277,5.04426717758179,-0.698138177394867,-0.940185546875,-0.12744140625,0.134033203125,0,NaN
369,247290040,NaN,NaN,NaN,NaN,8.51601886749268,3.15890741348267,4.07244729995728,2.97335290908813,5.0772442817688,-0.860734164714813,-0.94189453125,-0.12646484375,0.129150390625,0,NaN
370,247306707,NaN,NaN,NaN,NaN,8.50176906585693,3.15270471572876,4.05125188827515,3.33287167549133,4.99325275421143,-0.939396917819977,-0.937744140625,-0.12646484375,0.126953125,0,NaN
371,247323374,NaN,NaN,NaN,NaN,8.53457164764404,3.14447784423828,4.06247568130493,3.69816040992737,5.1038498878479,-1.03536784648895,-0.937744140625,-0.127197265625,0.126220703125,0,NaN
372,247340041,NaN,NaN,NaN,NaN,8.5333948135376,3.1286199092865,4.06750106811523,3.9097855091095,5.10460519790649,-0.860330641269684,-0.938232421875,-0.127197265625,0.121826171875,0,NaN
373,247356708,NaN,NaN,NaN,NaN,8.5266637802124,3.13312172889709,4.05210113525391,3.65017533302307,5.17369556427002,-0.808093547821045,-0.939453125,-0.128173828125,0.12060546875,0,NaN
374,247373375,NaN,NaN,NaN,NaN,8.53142833709717,3.15803837776184,4.05080795288086,3.70829725265503,5.03819799423218,-0.68286669254303,-0.937744140625,-0.128173828125,0.1201171875,0,NaN
375,247390042,NaN,NaN,NaN,NaN,8.51387500762939,3.14837431907654,4.05727005004883,3.33382630348206,4.93511962890625,-0.502898991107941,-0.938720703125,-0.126708984375,0.1171875,0,NaN
376,247406709,NaN,NaN,NaN,NaN,8.49445629119873,3.13474011421204,4.04665756225586,2.96842217445374,4.70708990097046,-0.362643867731094,-0.9375,-0.127197265625,0.11328125,0,NaN
377,247423376,NaN,NaN,NaN,NaN,8.4606351852417,3.12170243263245,4.07636976242065,3.61757040023804,4.17089414596558,-0.321669936180115,-0.938720703125,-0.12890625,0.11572265625,0,NaN
378,247440043,NaN,NaN,NaN,NaN,8.45556926727295,3.13676571846008,4.08252906799316,3.91390252113342,3.58313989639282,-0.0635002925992012,-0.9404296875,-0.12841796875,0.1123046875,0,NaN
379,247456710,NaN,NaN,NaN,NaN,8.44331645965576,3.15896058082581,4.11667156219482,3.76155805587769,3.14285778999329,0.160425156354904,-0.939208984375,-0.126708984375,0.110107421875,0,NaN
380,247473377,NaN,NaN,NaN,NaN,8.43802547454834,3.11133885383606,4.1050181388855,3.19809126853943,2.78115487098694,0.490073382854462,-0.938720703125,-0.12890625,0.111083984375,0,NaN
381,247490044,NaN,NaN,NaN,NaN,8.41353607177734,3.07412266731262,4.12038898468018,4.03540945053101,2.52575826644897,0.669144690036774,-0.9384765625,-0.1240234375,0.107666015625,0,NaN
382,247506711,NaN,NaN,NaN,NaN,8.44430828094482,3.11197257041931,4.16595792770386,4.64711761474609,2.07547402381897,0.847434639930725,-0.939697265625,-0.125732421875,0.103759765625,0,NaN
383,247523378,NaN,NaN,NaN,NaN,8.42163372039795,3.12023186683655,4.19231128692627,4.26045513153076,1.79513013362885,1.18155241012573,-0.93701171875,-0.12451171875,0.1083984375,0,NaN
384,247540045,NaN,NaN,NaN,NaN,8.40462398529053,3.04428386688232,4.21605968475342,4.29856729507446,1.43103301525116,1.46905505657196,-0.9375,-0.12451171875,0.102783203125,0,NaN
385,247556712,NaN,NaN,NaN,NaN,8.35326957702637,3.04401850700378,4.23718500137329,5.77262878417969,1.04942917823792,1.85793232917786,-0.9384765625,-0.12451171875,0.10498046875,0,NaN
386,247573379,NaN,NaN,NaN,NaN,8.36482334136963,3.10125684738159,4.31410551071167,7.07262897491455,1.14260840415955,2.07798433303833,-0.939697265625,-0.12060546875,0.103759765625,0,NaN
387,247590046,NaN,NaN,NaN,NaN,8.41788864135742,3.16401433944702,4.36802673339844,7.46593713760376,1.24677538871765,2.33665990829468,-0.9384765625,-0.1201171875,0.103271484375,0,NaN
388,247606713,NaN,NaN,NaN,NaN,8.48369312286377,3.16427445411682,4.4237174987793,7.09776067733765,1.34170234203339,2.32917451858521,-0.937255859375,-0.122314453125,0.099853515625,0,NaN
389,247623380,NaN,NaN,NaN,NaN,8.48087024688721,3.22978615760803,4.45598649978638,6.64366626739502,1.96389222145081,1.80942213535309,-0.936767578125,-0.12451171875,0.09814453125,0,NaN
390,247640047,NaN,NaN,NaN,NaN,8.45813941955566,3.2580451965332,4.4805908203125,5.33342266082764,2.66078805923462,1.12324512004852,-0.9384765625,-0.12060546875,0.098876953125,0,NaN
391,247656714,NaN,NaN,NaN,NaN,8.43346977233887,3.30561113357544,4.53614330291748,3.31777954101562,3.52869987487793,0.328239530324936,-0.937255859375,-0.1201171875,0.095947265625,0,NaN
392,247673381,NaN,NaN,NaN,NaN,8.37914180755615,3.27383732795715,4.52283096313477,1.88864231109619,4.39898204803467,-0.419568121433258,-0.937255859375,-0.117919921875,0.09423828125,0,NaN
393,247690048,NaN,NaN,NaN,NaN,8.37260341644287,3.27153038978577,4.53933572769165,1.8055545091629,5.35560274124146,-1.1725560426712,-0.937744140625,-0.1201171875,0.09423828125,0,NaN
394,247706715,NaN,NaN,NaN,NaN,8.31789207458496,3.29696249961853,4.56827259063721,2.16212844848633,6.06335258483887,-1.72870361804962,-0.93701171875,-0.120849609375,0.09033203125,0,NaN
395,247723382,NaN,NaN,NaN,NaN,8.33321475982666,3.36099338531494,4.62873220443726,2.39190626144409,6.87059497833252,-2.30671191215515,-0.937744140625,-0.121337890625,0.087646484375,0,NaN
396,247740049,NaN,NaN,NaN,NaN,8.32510757446289,3.36954593658447,4.6396050453186,2.10935997962952,7.78796625137329,-2.86095833778381,-0.93701171875,-0.120849609375,0.084228515625,0,NaN
397,247756716,NaN,NaN,NaN,NaN,8.34325695037842,3.37554144859314,4.67763376235962,2.42985200881958,8.65417575836182,-3.78229928016663,-0.9375,-0.123046875,0.080322265625,0,NaN
398,247773383,NaN,NaN,NaN,NaN,8.33380889892578,3.43264889717102,4.7147068977356,3.09292674064636,9.32663822174072,-4.70963287353516,-0.939208984375,-0.125244140625,0.079833984375,0,NaN
399,247790050,NaN,NaN,NaN,NaN,8.35230350494385,3.47766590118408,4.78401756286621,2.43561506271362,10.6347684860229,-5.29228401184082,-0.936279296875,-0.1259765625,0.07421875,0,NaN
400,247806717,NaN,NaN,NaN,NaN,8.34813594818115,3.32030081748962,4.74284791946411,5.07350873947144,12.2013759613037,-5.83092164993286,-0.9345703125,-0.128173828125,0.07177734375,0,NaN
401,247823384,NaN,NaN,NaN,NaN,8.26077461242676,3.39089512825012,4.75899219512939,12.2556800842285,13.5180158615112,-6.12258911132812,-0.936279296875,-0.12939453125,0.06689453125,0,NaN
402,247840051,NaN,NaN,NaN,NaN,8.22264289855957,3.75578951835632,4.86916208267212,15.3515882492065,15.5505104064941,-6.60033416748047,-0.937255859375,-0.13232421875,0.060546875,0,NaN
403,247856718,NaN,NaN,NaN,NaN,8.2090311050415,3.90754055976868,4.95434761047363,13.9077615737915,17.0964069366455,-6.95993757247925,-0.933837890625,-0.13525390625,0.0556640625,0,NaN
404,247873385,NaN,NaN,NaN,NaN,8.21896648406982,3.84144330024719,5.00813007354736,11.017258644104,18.3702926635742,-7.57219696044922,-0.93701171875,-0.138671875,0.04541015625,0,NaN
405,247890052,NaN,NaN,NaN,NaN,8.23649215698242,3.69304966926575,5.00507688522339,10.442946434021,19.4757556915283,-8.84128379821777,-0.932373046875,-0.1416015625,0.03369140625,0,NaN
406,247906719,NaN,NaN,NaN,NaN,8.19971370697021,3.80923199653625,5.02277231216431,12.2614841461182,20.8954448699951,-10.889799118042,-0.933837890625,-0.142578125,0.031982421875,0,NaN
407,247923386,NaN,NaN,NaN,NaN,8.09912586212158,3.98871111869812,5.06169509887695,12.0306901931763,22.1916351318359,-12.5559749603271,-0.93212890625,-0.147216796875,0.02099609375,0,NaN
408,247940053,NaN,NaN,NaN,NaN,8.05219554901123,4.13291883468628,5.13560390472412,10.9826307296753,23.3470840454102,-13.8812980651855,-0.931396484375,-0.150634765625,0.0146484375,0,NaN
409,247956720,NaN,NaN,NaN,NaN,8.01397228240967,4.14482545852661,5.2037787437439,10.655252456665,24.7194499969482,-15.5167951583862,-0.931396484375,-0.157958984375,0.005859375,0,NaN
410,247973387,NaN,NaN,NaN,NaN,8.01254367828369,4.1301965713501,5.23007392883301,12.0279235839844,26.0636329650879,-17.516357421875,-0.928466796875,-0.162109375,-0.003662109375,0,NaN
411,247990054,NaN,NaN,NaN,NaN,7.95157718658447,4.26955890655518,5.21289682388306,12.361499786377,27.1689586639404,-19.7442741394043,-0.927001953125,-0.167236328125,-0.014892578125,0,NaN
412,248006721,NaN,NaN,NaN,NaN,7.92760038375854,4.37063264846802,5.22428369522095,11.3299245834351,28.3427829742432,-21.9854316711426,-0.92626953125,-0.17529296875,-0.025146484375,0,NaN
413,248023388,NaN,NaN,NaN,NaN,7.86922597885132,4.4371280670166,5.23330497741699,12.2929725646973,29.4651050567627,-23.6943454742432,-0.93017578125,-0.18359375,-0.0322265625,0,NaN
414,248040055,NaN,NaN,NaN,NaN,7.80717706680298,4.51439332962036,5.3290057182312,12.4457874298096,30.7440586090088,-24.9690456390381,-0.925537109375,-0.191650390625,-0.04638671875,0,NaN
415,248056722,NaN,NaN,NaN,NaN,7.7238187789917,4.47209167480469,5.31700897216797,13.5150623321533,31.634973526001,-25.8542346954346,-0.923095703125,-0.197998046875,-0.0576171875,0,NaN
416,248073389,NaN,NaN,NaN,NaN,7.61807632446289,4.48162508010864,5.36146450042725,16.832914352417,32.616828918457,-26.6262607574463,-0.923095703125,-0.208251953125,-0.068115234375,0,NaN
417,248090056,NaN,NaN,NaN,NaN,7.52311515808105,4.50610780715942,5.4287257194519,19.6473903656006,33.3836517333984,-27.5167560577393,-0.9228515625,-0.21728515625,-0.082275390625,0,NaN
418,248106723,NaN,NaN,NaN,NaN,7.41984939575195,4.59506034851074,5.47096729278564,22.6843872070312,33.3998336791992,-28.2411689758301,-0.919921875,-0.224853515625,-0.093994140625,0,NaN
419,248123390,NaN,NaN,NaN,NaN,7.36680126190186,4.69067096710205,5.54457187652588,23.4007472991943,33.396656036377,-28.8440494537354,-0.916748046875,-0.2373046875,-0.107421875,0,NaN
420,248140057,NaN,NaN,NaN,NaN,7.30226612091064,4.74974918365479,5.62429189682007,22.4031085968018,33.1699371337891,-29.3621234893799,-0.912841796875,-0.249267578125,-0.11962890625,0,NaN
421,248156724,NaN,NaN,NaN,NaN,7.24447298049927,4.78225708007812,5.62467193603516,19.5814933776855,32.5334968566895,-29.9548950195312,-0.914306640625,-0.259765625,-0.13037109375,0,NaN
422,248173391,NaN,NaN,NaN,NaN,7.15000104904175,4.75079488754272,5.64465570449829,17.0880699157715,32.2832069396973,-30.7398948669434,-0.91015625,-0.267333984375,-0.143798828125,0,NaN
423,248190058,NaN,NaN,NaN,NaN,7.03376483917236,4.75280094146729,5.66926765441895,16.802396774292,31.9819755554199,-31.2742691040039,-0.908935546875,-0.281982421875,-0.15673828125,0,NaN
424,248206725,NaN,NaN,NaN,NaN,6.94973468780518,4.83941841125488,5.68525695800781,17.2905445098877,31.842529296875,-31.7912940979004,-0.9072265625,-0.292236328125,-0.16455078125,0,NaN
425,248223392,NaN,NaN,NaN,NaN,6.9452919960022,4.95464849472046,5.69512701034546,16.477258682251,31.8146286010742,-32.5131340026855,-0.903076171875,-0.30419921875,-0.178466796875,0,NaN
426,248240059,NaN,NaN,NaN,NaN,6.85395050048828,5.00244569778442,5.72955322265625,13.5110874176025,31.5633811950684,-32.6420707702637,-0.899658203125,-0.316650390625,-0.193603515625,0,NaN
427,248256726,NaN,NaN,NaN,NaN,6.77747964859009,5.00982666015625,5.71365165710449,12.3774576187134,31.3903713226318,-32.5558433532715,-0.89453125,-0.32470703125,-0.200927734375,0,NaN
428,248273393,NaN,NaN,NaN,NaN,6.5965895652771,5.03604221343994,5.7128529548645,13.4791784286499,31.6279792785645,-32.1343536376953,-0.890869140625,-0.336669921875,-0.213623046875,0,NaN
429,248290060,NaN,NaN,NaN,NaN,6.46039247512817,5.18293762207031,5.74271011352539,14.7280054092407,31.80126953125,-31.8489952087402,-0.88427734375,-0.347412109375,-0.22314453125,0,NaN
430,248306727,NaN,NaN,NaN,NaN,6.41264343261719,5.27906322479248,5.78845310211182,14.5776233673096,31.917839050293,-31.8212718963623,-0.880126953125,-0.361083984375,-0.236572265625,0,NaN
431,248323394,NaN,NaN,NaN,NaN,6.34719514846802,5.38979721069336,5.88355445861816,11.1482620239258,31.5543365478516,-32.3505058288574,-0.877197265625,-0.371826171875,-0.2451171875,0,NaN
432,248340061,NaN,NaN,NaN,NaN,6.17917537689209,5.49917030334473,5.96315050125122,6.59119558334351,30.9644451141357,-32.756721496582,-0.869873046875,-0.381591796875,-0.258544921875,0,NaN
433,248356728,NaN,NaN,NaN,NaN,6.03275680541992,5.53195428848267,5.97399187088013,4.56725120544434,30.728853225708,-33.3427429199219,-0.86865234375,-0.392822265625,-0.266845703125,0,NaN
434,248373395,NaN,NaN,NaN,NaN,5.90157222747803,5.57676219940186,5.96667814254761,6.05371999740601,30.2867641448975,-33.3232154846191,-0.864501953125,-0.4052734375,-0.278564453125,0,NaN
435,248390062,NaN,NaN,NaN,NaN,5.79347038269043,5.68376016616821,6.01982879638672,7.74715423583984,29.828784942627,-32.874267578125,-0.857666015625,-0.416259765625,-0.29150390625,0,NaN
436,248406729,NaN,NaN,NaN,NaN,5.66281795501709,5.80382347106934,6.07231569290161,8.16013431549072,29.6360301971436,-32.3276824951172,-0.85205078125,-0.42431640625,-0.298095703125,0,NaN
437,248423396,NaN,NaN,NaN,NaN,5.51594305038452,5.89037466049194,6.08704137802124,8.59772968292236,29.6982955932617,-31.8672275543213,-0.8447265625,-0.436767578125,-0.31103515625,0,NaN
438,248440063,NaN,NaN,NaN,NaN,5.46842670440674,5.95743703842163,6.12898969650269,8.80278778076172,29.8825359344482,-32.210620880127,-0.840087890625,-0.44970703125,-0.31884765625,0,NaN
439,248456730,NaN,NaN,NaN,NaN,5.43099117279053,6.04540061950684,6.21197700500488,5.19534921646118,29.7785797119141,-33.3724327087402,-0.83447265625,-0.460693359375,-0.326171875,0,NaN
440,248473397,NaN,NaN,NaN,NaN,5.32859945297241,6.09679365158081,6.24064636230469,0.181044682860374,29.8294849395752,-34.5729598999023,-0.825439453125,-0.470947265625,-0.339599609375,0,NaN
441,248490064,NaN,NaN,NaN,NaN,5.15606880187988,6.12813234329224,6.24298667907715,-3.63907408714294,29.898551940918,-35.9241027832031,-0.818115234375,-0.481689453125,-0.346923828125,0,NaN
442,248506731,NaN,NaN,NaN,NaN,5.01314306259155,6.18574285507202,6.33672189712524,-6.17691802978516,29.9332942962646,-37.359073638916,-0.81201171875,-0.4931640625,-0.35791015625,0,NaN
443,248523398,NaN,NaN,NaN,NaN,4.94850254058838,6.24282741546631,6.46195697784424,-10.2761278152466,29.8112106323242,-38.6455001831055,-0.803466796875,-0.5029296875,-0.366455078125,0,NaN
444,248540065,NaN,NaN,NaN,NaN,4.86243486404419,6.1305718421936,6.45882606506348,-12.8901748657227,29.8360939025879,-39.0889663696289,-0.796630859375,-0.5126953125,-0.378173828125,0,NaN
445,248556732,NaN,NaN,NaN,NaN,4.75511837005615,6.06462478637695,6.43427324295044,-12.4472990036011,29.6963958740234,-38.5995826721191,-0.789794921875,-0.51953125,-0.385986328125,0,NaN
446,248573399,NaN,NaN,NaN,NaN,4.68597412109375,6.13068675994873,6.4650993347168,-10.1546220779419,30.2699851989746,-38.0280914306641,-0.782958984375,-0.52978515625,-0.397705078125,0,NaN
447,248590066,NaN,NaN,NaN,NaN,4.61357021331787,6.15397071838379,6.50269842147827,-8.73107814788818,31.0878562927246,-36.762939453125,-0.770751953125,-0.53857421875,-0.4072265625,0,NaN
448,248606733,NaN,NaN,NaN,NaN,4.55672740936279,6.15314435958862,6.48694181442261,-9.07786273956299,31.8136119842529,-35.5604095458984,-0.7626953125,-0.548095703125,-0.41552734375,0,NaN
449,248623400,NaN,NaN,NaN,NaN,4.43048048019409,6.02890110015869,6.44665575027466,-9.18620491027832,32.5286674499512,-34.8700141906738,-0.75048828125,-0.556884765625,-0.42724609375,0,NaN
450,248640067,NaN,NaN,NaN,NaN,4.22795915603638,6.09619903564453,6.49258756637573,-7.4994649887085,33.0303916931152,-34.1976051330566,-0.7431640625,-0.56494140625,-0.4375,0,NaN
451,248656734,NaN,NaN,NaN,NaN,4.03850030899048,6.20160961151123,6.52810573577881,-5.59324979782104,33.2229080200195,-33.3291702270508,-0.7294921875,-0.571533203125,-0.451904296875,0,NaN
452,248673401,NaN,NaN,NaN,NaN,3.95375919342041,6.19903182983398,6.56194686889648,-3.66117739677429,33.3676223754883,-32.3463401794434,-0.72216796875,-0.58154296875,-0.455322265625,0,NaN
453,248690068,NaN,NaN,NaN,NaN,3.88361215591431,6.22870826721191,6.5828685760498,-2.71145033836365,32.7537574768066,-31.1946220397949,-0.712158203125,-0.591552734375,-0.466552734375,0,NaN
454,248706735,NaN,NaN,NaN,NaN,3.72968125343323,6.2709755897522,6.57743549346924,-2.44685578346252,32.1476783752441,-30.5637111663818,-0.701416015625,-0.599609375,-0.4736328125,0,NaN
455,248723402,NaN,NaN,NaN,NaN,3.53084492683411,6.31151485443115,6.53116035461426,-1.78118920326233,31.8310966491699,-29.8343143463135,-0.69140625,-0.609130859375,-0.479736328125,0,NaN
456,248740069,NaN,NaN,NaN,NaN,3.34199213981628,6.39578533172607,6.62193584442139,-0.114483080804348,31.0321598052979,-29.0555286407471,-0.681640625,-0.617431640625,-0.49169921875,0,NaN
457,248756736,NaN,NaN,NaN,NaN,3.19744849205017,6.43742847442627,6.69989347457886,1.14904379844666,29.7168006896973,-28.4299163818359,-0.671142578125,-0.62646484375,-0.494384765625,0,NaN
458,248773403,NaN,NaN,NaN,NaN,3.00486421585083,6.47675466537476,6.74270915985107,1.69738852977753,28.3529262542725,-27.9732780456543,-0.66064453125,-0.63232421875,-0.5009765625,0,NaN
459,248790070,NaN,NaN,NaN,NaN,2.87237215042114,6.45712232589722,6.70868730545044,3.52623414993286,27.0016269683838,-27.7314434051514,-0.652099609375,-0.640869140625,-0.510009765625,0,NaN
460,248806737,NaN,NaN,NaN,NaN,2.72805213928223,6.53530931472778,6.73842716217041,5.94878482818604,25.7368106842041,-27.4049301147461,-0.642578125,-0.651611328125,-0.514892578125,0,NaN
461,248823404,NaN,NaN,NaN,NaN,2.69007039070129,6.60696506500244,6.79466247558594,6.7989764213562,24.5741500854492,-27.3244495391846,-0.6337890625,-0.657470703125,-0.518798828125,0,NaN
462,248840071,NaN,NaN,NaN,NaN,2.77098774909973,6.5346736907959,6.82452583312988,5.94614362716675,23.5687351226807,-27.133472442627,-0.62646484375,-0.667724609375,-0.52392578125,0,NaN
463,248856738,NaN,NaN,NaN,NaN,2.66720962524414,6.50086641311646,6.80687522888184,4.61147165298462,22.5322570800781,-26.8453559875488,-0.61572265625,-0.67529296875,-0.5283203125,0,NaN
464,248873405,NaN,NaN,NaN,NaN,2.4989869594574,6.52718687057495,6.77943706512451,4.89660549163818,21.7339000701904,-26.333776473999,-0.609130859375,-0.683837890625,-0.533447265625,0,NaN
465,248890072,NaN,NaN,NaN,NaN,2.35787034034729,6.51609706878662,6.76150512695312,7.08195352554321,21.6534614562988,-25.6564426422119,-0.600830078125,-0.691162109375,-0.537841796875,0,NaN
466,248906739,NaN,NaN,NaN,NaN,2.34338760375977,6.5407600402832,6.83206224441528,8.86021137237549,21.3247318267822,-24.8760948181152,-0.590087890625,-0.700927734375,-0.54052734375,0,NaN
467,248923406,NaN,NaN,NaN,NaN,2.31676316261292,6.50331544876099,6.85811758041382,8.27388763427734,20.7947559356689,-24.0922794342041,-0.586181640625,-0.70947265625,-0.5439453125,0,NaN
468,248940073,NaN,NaN,NaN,NaN,2.20430898666382,6.51660776138306,6.80625057220459,7.91328382492065,20.5024223327637,-23.5767688751221,-0.577880859375,-0.71728515625,-0.54833984375,0,NaN
469,248956740,NaN,NaN,NaN,NaN,2.078453540802,6.51162624359131,6.79742670059204,8.52088737487793,20.1617088317871,-22.749605178833,-0.570068359375,-0.725830078125,-0.55224609375,0,NaN
470,248973407,NaN,NaN,NaN,NaN,1.93117010593414,6.50863361358643,6.82553386688232,9.29211139678955,19.8947906494141,-22.1686630249023,-0.561279296875,-0.732177734375,-0.55615234375,0,NaN
471,248990074,NaN,NaN,NaN,NaN,1.80050349235535,6.63628959655762,6.85171937942505,9.50054931640625,19.3429641723633,-21.5621013641357,-0.55126953125,-0.739013671875,-0.556640625,0,NaN
472,249006741,NaN,NaN,NaN,NaN,1.66326522827148,6.58817768096924,6.87326955795288,8.95254802703857,19.1179256439209,-20.0972213745117,-0.54443359375,-0.748291015625,-0.5595703125,0,NaN
473,249023408,NaN,NaN,NaN,NaN,1.52455389499664,6.62995910644531,6.84882068634033,10.8805246353149,18.3946094512939,-19.0439109802246,-0.537353515625,-0.751708984375,-0.561767578125,0,NaN
474,249040075,NaN,NaN,NaN,NaN,1.50354719161987,6.71175861358643,6.86165809631348,13.6652851104736,17.8621311187744,-18.3173007965088,-0.53173828125,-0.76123046875,-0.564453125,0,NaN
475,249056742,NaN,NaN,NaN,NaN,1.45504689216614,6.80517816543579,6.85859727859497,14.5644254684448,17.8474216461182,-17.9355983734131,-0.52294921875,-0.767578125,-0.566162109375,0,NaN
476,249073409,NaN,NaN,NaN,NaN,1.31848359107971,6.88870573043823,6.89578342437744,13.7840881347656,17.251916885376,-17.4096984863281,-0.516845703125,-0.776611328125,-0.56494140625,0,NaN
477,249090076,NaN,NaN,NaN,NaN,1.21453607082367,6.93748617172241,6.9666895866394,12.7170324325562,17.0052089691162,-16.926664352417,-0.5107421875,-0.78466796875,-0.56787109375,0,NaN
478,249106743,NaN,NaN,NaN,NaN,1.1396484375,6.95068454742432,6.92687559127808,12.9429883956909,17.0063877105713,-16.9070682525635,-0.504150390625,-0.7919921875,-0.566162109375,0,NaN
479,249123410,NaN,NaN,NaN,NaN,1.10570323467255,6.975998878479,6.94638061523438,14.062047958374,16.413761138916,-16.4421329498291,-0.49462890625,-0.79833984375,-0.56884765625,0,NaN
480,249140077,NaN,NaN,NaN,NaN,0.976003646850586,7.08533906936646,6.94098901748657,14.5905294418335,16.2313594818115,-16.1744689941406,-0.489501953125,-0.806884765625,-0.572265625,0,NaN
481,249156744,NaN,NaN,NaN,NaN,0.874540865421295,7.1622109413147,6.93351316452026,14.950288772583,16.5631637573242,-16.1766242980957,-0.483642578125,-0.814697265625,-0.570556640625,0,NaN
482,249173411,NaN,NaN,NaN,NaN,0.839212536811829,7.14822721481323,6.91675567626953,16.0139408111572,16.5594787597656,-16.0460777282715,-0.475830078125,-0.8193359375,-0.574462890625,0,NaN
483,249190078,NaN,NaN,NaN,NaN,0.86333841085434,7.14491748809814,6.90803289413452,16.3592472076416,16.6289749145508,-16.2762298583984,-0.46923828125,-0.828369140625,-0.5703125,0,NaN
484,249206745,NaN,NaN,NaN,NaN,0.7881138920784,7.28030920028687,6.90145921707153,15.2957029342651,17.4741077423096,-16.5980434417725,-0.46142578125,-0.835205078125,-0.571533203125,0,NaN
485,249223412,NaN,NaN,NaN,NaN,0.679758906364441,7.32251596450806,6.87837553024292,13.3496971130371,18.0840377807617,-16.7531642913818,-0.453125,-0.842041015625,-0.57373046875,0,NaN
486,249240079,NaN,NaN,NaN,NaN,0.605689585208893,7.2868971824646,6.84575366973877,12.4721307754517,18.5676746368408,-17.1319961547852,-0.4482421875,-0.84765625,-0.57080078125,0,NaN
487,249256746,NaN,NaN,NaN,NaN,0.502575278282166,7.28479099273682,6.83069038391113,12.1693458557129,19.0101318359375,-17.6182136535645,-0.43603515625,-0.855224609375,-0.57470703125,0,NaN
488,249273413,NaN,NaN,NaN,NaN,0.425585091114044,7.41013288497925,6.84172201156616,12.2951965332031,19.6186351776123,-18.1253643035889,-0.431640625,-0.86083984375,-0.572998046875,0,NaN
489,249290080,NaN,NaN,NaN,NaN,0.351965039968491,7.43661451339722,6.85286903381348,10.2330207824707,19.9002170562744,-18.9869632720947,-0.42333984375,-0.8671875,-0.57470703125,0,NaN
490,249306747,NaN,NaN,NaN,NaN,0.307860672473907,7.42175531387329,6.83184099197388,8.39412689208984,19.9350910186768,-19.5840740203857,-0.41552734375,-0.872802734375,-0.575927734375,0,NaN
491,249323414,NaN,NaN,NaN,NaN,0.191469147801399,7.4476318359375,6.80831336975098,7.37097311019897,20.0023231506348,-20.2151966094971,-0.40478515625,-0.87744140625,-0.58154296875,0,NaN
492,249340081,NaN,NaN,NaN,NaN,0.041276428848505,7.46079969406128,6.73953580856323,6.92528486251831,19.974214553833,-20.5517482757568,-0.39697265625,-0.885009765625,-0.58251953125,0,NaN
493,249356748,NaN,NaN,NaN,NaN,-0.00547301210463047,7.53492641448975,6.74176931381226,7.35842323303223,20.2014274597168,-20.7057075500488,-0.389404296875,-0.888427734375,-0.583740234375,0,NaN
494,249373415,NaN,NaN,NaN,NaN,-0.042071245610714,7.50523090362549,6.718581199646,6.1826696395874,20.3565521240234,-21.2812576293945,-0.381103515625,-0.89404296875,-0.581298828125,0,NaN
495,249390082,NaN,NaN,NaN,NaN,-0.113265119493008,7.48574304580688,6.68220329284668,5.40346479415894,20.5288257598877,-21.9253444671631,-0.37060546875,-0.89990234375,-0.581787109375,0,NaN
496,249406749,NaN,NaN,NaN,NaN,-0.23886576294899,7.51324653625488,6.66628074645996,6.69998455047607,20.7789478302002,-22.2685680389404,-0.3603515625,-0.90673828125,-0.585205078125,0,NaN
497,249423416,NaN,NaN,NaN,NaN,-0.386631339788437,7.60034990310669,6.58590078353882,7.83556747436523,20.9787826538086,-22.4274349212646,-0.353759765625,-0.9140625,-0.5869140625,0,NaN
498,249440083,NaN,NaN,NaN,NaN,-0.433188796043396,7.63859415054321,6.56271028518677,8.91148471832275,21.2444934844971,-22.5003719329834,-0.34326171875,-0.91650390625,-0.5869140625,0,NaN
499,249456750,NaN,NaN,NaN,NaN,-0.449813425540924,7.60229921340942,6.48169231414795,8.87957096099854,21.7144737243652,-22.8875064849854,-0.333740234375,-0.924560546875,-0.58740234375,0,NaN
500,249473417,NaN,NaN,NaN,NaN,-0.546112298965454,7.57574272155762,6.47061491012573,8.12106227874756,21.8052597045898,-23.2813968658447,-0.32275390625,-0.9296875,-0.589111328125,0,NaN
501,249490084,NaN,NaN,NaN,NaN,-0.685044348239899,7.64346122741699,6.46037626266479,8.04382705688477,22.0563049316406,-23.5832061767578,-0.312744140625,-0.936767578125,-0.590576171875,0,NaN
502,249506751,NaN,NaN,NaN,NaN,-0.795517981052399,7.64049816131592,6.43686962127686,8.64448833465576,22.4119453430176,-23.9369525909424,-0.30224609375,-0.94140625,-0.590576171875,0,NaN
503,249523418,NaN,NaN,NaN,NaN,-0.921843230724335,7.60410165786743,6.39088678359985,9.92252254486084,21.9934539794922,-23.8733615875244,-0.29345703125,-0.947509765625,-0.589599609375,0,NaN
504,249540085,NaN,NaN,NaN,NaN,-1.01377534866333,7.64324235916138,6.39401006698608,10.3448324203491,21.380184173584,-24.1324920654297,-0.280517578125,-0.95458984375,-0.591796875,0,NaN
505,249556752,NaN,NaN,NaN,NaN,-1.08579540252686,7.607008934021,6.39280366897583,9.74270057678223,20.7368316650391,-24.637321472168,-0.271240234375,-0.95751953125,-0.58837890625,0,NaN
506,249573419,NaN,NaN,NaN,NaN,-1.19906675815582,7.6063928604126,6.40500497817993,9.16095447540283,19.7195606231689,-24.6937618255615,-0.262939453125,-0.963623046875,-0.58984375,0,NaN
507,249590086,NaN,NaN,NaN,NaN,-1.3171638250351,7.6128454208374,6.4106559753418,9.3329439163208,19.333869934082,-24.8802242279053,-0.25390625,-0.970458984375,-0.591552734375,0,NaN
508,249606753,NaN,NaN,NaN,NaN,-1.36526358127594,7.58836126327515,6.37110996246338,10.0538682937622,18.961254119873,-24.9566688537598,-0.244140625,-0.975830078125,-0.58984375,0,NaN
509,249623420,NaN,NaN,NaN,NaN,-1.43964004516602,7.56283807754517,6.30544662475586,10.0427904129028,18.8939838409424,-25.138484954834,-0.234130859375,-0.98095703125,-0.588134765625,0,NaN
510,249640087,NaN,NaN,NaN,NaN,-1.4919673204422,7.60138988494873,6.28153133392334,10.0157451629639,19.3421592712402,-25.3856601715088,-0.222412109375,-0.986572265625,-0.58984375,0,NaN
511,249656754,NaN,NaN,NaN,NaN,-1.64405202865601,7.61658906936646,6.26328182220459,8.86871528625488,19.7350883483887,-25.6641254425049,-0.21484375,-0.991943359375,-0.588134765625,0,NaN
512,249673421,NaN,NaN,NaN,NaN,-1.7601113319397,7.52388048171997,6.27128314971924,9.18199825286865,19.8989086151123,-26.0295696258545,-0.205322265625,-0.995849609375,-0.588134765625,0,NaN
513,249690088,NaN,NaN,NaN,NaN,-1.83274161815643,7.49484157562256,6.24835968017578,10.7062177658081,20.1205902099609,-26.4534149169922,-0.193603515625,-1.00341796875,-0.588134765625,0,NaN
514,249706755,NaN,NaN,NaN,NaN,-1.92528676986694,7.52179908752441,6.16049718856812,10.4562492370605,20.0103778839111,-26.6287078857422,-0.185546875,-1.009033203125,-0.585693359375,0,NaN
515,249723422,NaN,NaN,NaN,NaN,-2.03398299217224,7.54274082183838,6.14818954467773,8.83298587799072,20.0181617736816,-26.6488723754883,-0.171630859375,-1.01025390625,-0.58349609375,0,NaN
516,249740089,NaN,NaN,NaN,NaN,-2.14630889892578,7.4555230140686,6.11484384536743,8.29690265655518,19.923210144043,-26.5031566619873,-0.163818359375,-1.018310546875,-0.586181640625,0,NaN
517,249756756,NaN,NaN,NaN,NaN,-2.20224976539612,7.38579607009888,6.05462646484375,8.91435718536377,19.5750980377197,-26.4543437957764,-0.150634765625,-1.0234375,-0.583984375,0,NaN
518,249773423,NaN,NaN,NaN,NaN,-2.29287815093994,7.42775917053223,6.05276155471802,10.0360813140869,18.4100952148438,-26.212366104126,-0.142333984375,-1.0263671875,-0.582763671875,0,NaN
519,249790090,NaN,NaN,NaN,NaN,-2.38570117950439,7.51699304580688,6.03230619430542,8.11336612701416,17.7637920379639,-26.2805671691895,-0.13671875,-1.031494140625,-0.582763671875,0,NaN
520,249806757,NaN,NaN,NaN,NaN,-2.47690892219543,7.41969442367554,5.98901081085205,5.71715927124023,17.5627555847168,-26.1766109466553,-0.122314453125,-1.03564453125,-0.582275390625,0,NaN
521,249823424,NaN,NaN,NaN,NaN,-2.61639904975891,7.3210334777832,5.88117265701294,6.93859481811523,16.9609413146973,-25.7945041656494,-0.11279296875,-1.040771484375,-0.5810546875,0,NaN
522,249840091,NaN,NaN,NaN,NaN,-2.67149353027344,7.37663459777832,5.92363262176514,8.57041168212891,16.3672008514404,-26.0072975158691,-0.103515625,-1.04443359375,-0.5810546875,0,NaN
523,249856758,NaN,NaN,NaN,NaN,-2.7070620059967,7.33792686462402,5.90335369110107,9.09379482269287,15.6895866394043,-25.4958724975586,-0.094482421875,-1.04736328125,-0.5810546875,0,NaN
524,249873425,NaN,NaN,NaN,NaN,-2.73217463493347,7.36513185501099,5.87333154678345,7.11147880554199,15.3116931915283,-25.1651153564453,-0.083984375,-1.05126953125,-0.58203125,0,NaN
525,249890092,NaN,NaN,NaN,NaN,-2.79684090614319,7.28508234024048,5.76514291763306,5.18458938598633,14.9009113311768,-24.3920288085938,-0.078125,-1.05419921875,-0.5771484375,0,NaN
526,249906759,NaN,NaN,NaN,NaN,-2.89896106719971,7.30222988128662,5.75192213058472,5.3403787612915,15.3812656402588,-24.1021785736084,-0.06689453125,-1.058837890625,-0.5771484375,0,NaN
527,249923426,NaN,NaN,NaN,NaN,-2.9683153629303,7.21228170394897,5.69742584228516,6.10470294952393,16.1022930145264,-23.7601070404053,-0.05810546875,-1.058837890625,-0.57373046875,0,NaN
528,249940093,NaN,NaN,NaN,NaN,-3.03154349327087,7.17671203613281,5.63983297348022,6.91032743453979,16.5192279815674,-23.0570755004883,-0.05029296875,-1.06298828125,-0.57470703125,0,NaN
529,249956760,NaN,NaN,NaN,NaN,-3.18765115737915,7.26998949050903,5.65238189697266,7.4423680305481,17.0920333862305,-22.3640441894531,-0.04150390625,-1.06640625,-0.572509765625,0,NaN
530,249973427,NaN,NaN,NaN,NaN,-3.25415587425232,7.19850778579712,5.65220928192139,8.70702457427979,17.7215690612793,-21.656644821167,-0.02978515625,-1.0693359375,-0.5712890625,0,NaN
531,249990094,NaN,NaN,NaN,NaN,-3.25004005432129,7.11039781570435,5.61775970458984,10.3850326538086,18.2069549560547,-20.7168865203857,-0.023681640625,-1.073486328125,-0.572998046875,0,NaN
532,250006761,NaN,NaN,NaN,NaN,-3.37725281715393,7.22423553466797,5.60697317123413,11.08167552948,18.5148868560791,-19.8810520172119,-0.013916015625,-1.078125,-0.569091796875,0,NaN
533,250023428,NaN,NaN,NaN,NaN,-3.46567916870117,7.23275089263916,5.56842231750488,10.7902202606201,18.7900619506836,-19.3241577148438,-0.002685546875,-1.0810546875,-0.56787109375,0,NaN
534,250040095,NaN,NaN,NaN,NaN,-3.5425717830658,7.21557140350342,5.49490594863892,10.8619937896729,19.1122398376465,-18.9520511627197,0.00439453125,-1.083740234375,-0.562255859375,0,NaN
535,250056762,NaN,NaN,NaN,NaN,-3.55006575584412,7.20123863220215,5.45709753036499,10.2401657104492,19.4404392242432,-18.8237171173096,0.01318359375,-1.089111328125,-0.562744140625,0,NaN
536,250073429,NaN,NaN,NaN,NaN,-3.61168146133423,7.23834991455078,5.43087816238403,9.25401878356934,19.7479953765869,-18.9216823577881,0.023681640625,-1.091796875,-0.559326171875,0,NaN
537,250090096,NaN,NaN,NaN,NaN,-3.75311279296875,7.3014349937439,5.34300804138184,7.99439334869385,19.7645359039307,-19.3134021759033,0.032470703125,-1.09375,-0.560546875,0,NaN
538,250106763,NaN,NaN,NaN,NaN,-3.81454300880432,7.20939064025879,5.23953771591187,9.08175277709961,19.7295227050781,-19.7108421325684,0.040283203125,-1.09619140625,-0.558349609375,0,NaN
539,250123430,NaN,NaN,NaN,NaN,-3.85982394218445,7.25805187225342,5.22407388687134,10.4561281204224,19.7530956268311,-19.8058490753174,0.049560546875,-1.09716796875,-0.55322265625,0,NaN
540,250140097,NaN,NaN,NaN,NaN,-3.92221450805664,7.27852630615234,5.15077114105225,10.6564016342163,19.4353485107422,-19.4941864013672,0.057373046875,-1.10302734375,-0.5498046875,0,NaN
541,250156764,NaN,NaN,NaN,NaN,-3.99049782752991,7.32771348953247,5.03377056121826,8.99546241760254,19.2328872680664,-19.1442222595215,0.070068359375,-1.107666015625,-0.55078125,0,NaN
542,250173431,NaN,NaN,NaN,NaN,-4.0263729095459,7.26465034484863,4.96118497848511,6.94868040084839,18.7444477081299,-19.0768585205078,0.077880859375,-1.1044921875,-0.548583984375,0,NaN
543,250190098,NaN,NaN,NaN,NaN,-4.1831259727478,7.22083806991577,4.92591047286987,6.8439416885376,17.9354343414307,-19.3266639709473,0.08447265625,-1.109375,-0.544189453125,0,NaN
544,250206765,NaN,NaN,NaN,NaN,-4.26263904571533,7.21159076690674,4.87827062606812,8.99864101409912,17.3339214324951,-19.4459419250488,0.09326171875,-1.1123046875,-0.544189453125,0,NaN
545,250223432,NaN,NaN,NaN,NaN,-4.2153058052063,7.28934478759766,4.85108947753906,9.83432292938232,17.121410369873,-19.7202568054199,0.1015625,-1.11474609375,-0.54248046875,0,NaN
546,250240099,NaN,NaN,NaN,NaN,-4.30433750152588,7.3243842124939,4.77896356582642,6.36532211303711,16.7441787719727,-19.7442188262939,0.112060546875,-1.116455078125,-0.537353515625,0,NaN
547,250256766,NaN,NaN,NaN,NaN,-4.42986869812012,7.20572900772095,4.78112030029297,6.49324464797974,16.1790428161621,-19.1719264984131,0.12353515625,-1.118896484375,-0.53515625,0,NaN
548,250273433,NaN,NaN,NaN,NaN,-4.48319625854492,7.1720871925354,4.79148817062378,9.9720630645752,16.3274364471436,-18.9894924163818,0.128173828125,-1.121337890625,-0.53564453125,0,NaN
549,250290100,NaN,NaN,NaN,NaN,-4.51325750350952,7.1317720413208,4.69584465026855,12.991117477417,16.5279064178467,-18.8082332611084,0.136962890625,-1.1240234375,-0.5322265625,0,NaN
550,250306767,NaN,NaN,NaN,NaN,-4.54581642150879,7.18129348754883,4.68943738937378,13.5742673873901,16.2034931182861,-18.4889030456543,0.14453125,-1.12744140625,-0.5283203125,0,NaN
551,250323434,NaN,NaN,NaN,NaN,-4.67125701904297,7.23401737213135,4.72815370559692,12.9113826751709,15.9564714431763,-18.2748184204102,0.151123046875,-1.12939453125,-0.52490234375,0,NaN
552,250340101,NaN,NaN,NaN,NaN,-4.77360820770264,7.1894097328186,4.6855001449585,12.5096836090088,15.8024606704712,-18.3346996307373,0.16064453125,-1.131103515625,-0.523193359375,0,NaN
553,250356768,NaN,NaN,NaN,NaN,-4.87353467941284,7.14591789245605,4.59981679916382,13.7553997039795,15.4376468658447,-18.6103954315186,0.166015625,-1.135498046875,-0.519287109375,0,NaN
554,250373435,NaN,NaN,NaN,NaN,-4.88264417648315,7.18306303024292,4.55417442321777,14.1973638534546,14.8656387329102,-19.2137451171875,0.177490234375,-1.138427734375,-0.512939453125,0,NaN
555,250390102,NaN,NaN,NaN,NaN,-4.95981740951538,7.23032808303833,4.54513311386108,13.1407661437988,14.1094923019409,-19.7069644927979,0.1865234375,-1.141357421875,-0.5107421875,0,NaN
556,250406769,NaN,NaN,NaN,NaN,-5.06309270858765,7.27389526367188,4.47418737411499,11.8570251464844,12.980860710144,-20.3308219909668,0.19140625,-1.1455078125,-0.5078125,0,NaN
557,250423436,NaN,NaN,NaN,NaN,-5.08182191848755,7.21576452255249,4.38240194320679,12.1393623352051,12.4054136276245,-20.5969085693359,0.197998046875,-1.147216796875,-0.50390625,0,NaN
558,250440103,NaN,NaN,NaN,NaN,-5.15024423599243,7.11807441711426,4.29332542419434,12.8747568130493,11.8868732452393,-20.958345413208,0.208984375,-1.1484375,-0.5,0,NaN
559,250456770,NaN,NaN,NaN,NaN,-5.1798620223999,7.13786125183105,4.2125768661499,13.1551170349121,11.1849584579468,-21.0766639709473,0.215087890625,-1.151123046875,-0.497802734375,0,NaN
560,250473437,NaN,NaN,NaN,NaN,-5.22662305831909,7.1348295211792,4.22128057479858,13.2707710266113,10.715781211853,-21.2023220062256,0.224365234375,-1.156494140625,-0.49609375,0,NaN
561,250490104,NaN,NaN,NaN,NaN,-5.35078144073486,7.08249855041504,4.1971640586853,12.1277723312378,10.6216650009155,-21.4261207580566,0.23095703125,-1.156982421875,-0.491455078125,0,NaN
562,250506771,NaN,NaN,NaN,NaN,-5.38291788101196,6.99578905105591,4.19870185852051,13.7615728378296,10.3069486618042,-21.3941707611084,0.237060546875,-1.15771484375,-0.486572265625,0,NaN
563,250523438,NaN,NaN,NaN,NaN,-5.39044904708862,7.00183773040771,4.22350358963013,13.4006681442261,9.9339427947998,-21.5593528747559,0.245849609375,-1.16162109375,-0.4814453125,0,NaN
564,250540105,NaN,NaN,NaN,NaN,-5.39653635025024,6.92431116104126,4.21898126602173,11.3387432098389,9.87776565551758,-21.6452350616455,0.250732421875,-1.162841796875,-0.478515625,0,NaN
565,250556772,NaN,NaN,NaN,NaN,-5.48507690429688,6.92106962203979,4.13407182693481,9.22751426696777,8.83433246612549,-22.1044883728027,0.26025390625,-1.16455078125,-0.479248046875,0,NaN
566,250573439,NaN,NaN,NaN,NaN,-5.47730731964111,6.81276750564575,4.13826513290405,8.59194660186768,8.72702884674072,-21.9894371032715,0.26513671875,-1.166259765625,-0.474609375,0,NaN
567,250590106,NaN,NaN,NaN,NaN,-5.59387540817261,6.80943584442139,4.08611154556274,7.58337306976318,9.33971691131592,-22.4009990692139,0.27392578125,-1.168212890625,-0.473388671875,0,NaN
568,250606773,NaN,NaN,NaN,NaN,-5.68708276748657,6.79289293289185,4.01592206954956,7.74606561660767,9.4458179473877,-22.4420719146729,0.28173828125,-1.16650390625,-0.47119140625,0,NaN
569,250623440,NaN,NaN,NaN,NaN,-5.72945880889893,6.72227573394775,4.02664613723755,8.77681255340576,9.72818565368652,-22.148229598999,0.29052734375,-1.16943359375,-0.465576171875,0,NaN
570,250640107,NaN,NaN,NaN,NaN,-5.74500036239624,6.71428442001343,4.02367544174194,7.56728363037109,10.2284870147705,-22.3444061279297,0.297607421875,-1.16845703125,-0.4638671875,0,NaN
571,250656774,NaN,NaN,NaN,NaN,-5.87770986557007,6.68531608581543,3.98830437660217,5.87664175033569,10.4850807189941,-22.0355033874512,0.3037109375,-1.170654296875,-0.46435546875,0,NaN
572,250673441,NaN,NaN,NaN,NaN,-5.99222564697266,6.63067483901978,3.93587589263916,5.76425218582153,10.6012716293335,-21.6035671234131,0.310791015625,-1.170166015625,-0.458251953125,0,NaN
573,250690108,NaN,NaN,NaN,NaN,-6.04893732070923,6.57350587844849,3.94323372840881,8.19942474365234,11.0023822784424,-21.2718868255615,0.3203125,-1.169677734375,-0.458740234375,0,NaN
574,250706775,NaN,NaN,NaN,NaN,-6.07051658630371,6.64164590835571,3.88585925102234,8.459792137146,10.7924346923828,-21.4760246276855,0.328125,-1.1708984375,-0.455322265625,0,NaN
575,250723442,NaN,NaN,NaN,NaN,-6.122718334198,6.61458969116211,3.89509963989258,7.3601975440979,10.8326969146729,-21.1586265563965,0.335693359375,-1.172119140625,-0.45263671875,0,NaN
576,250740109,NaN,NaN,NaN,NaN,-6.20842361450195,6.54007244110107,3.87053346633911,7.36588287353516,10.8017444610596,-20.8714561462402,0.34130859375,-1.1728515625,-0.44970703125,0,NaN
577,250756776,NaN,NaN,NaN,NaN,-6.25974941253662,6.55142164230347,3.81538581848145,9.0604362487793,11.1946067810059,-21.0254554748535,0.3505859375,-1.174072265625,-0.447021484375,0,NaN
578,250773443,NaN,NaN,NaN,NaN,-6.2780966758728,6.5524206161499,3.83182740211487,8.87151718139648,11.5469741821289,-21.3134326934814,0.357666015625,-1.17626953125,-0.44189453125,0,NaN
579,250790110,NaN,NaN,NaN,NaN,-6.40072584152222,6.50000190734863,3.80459833145142,8.47350025177002,11.2418813705444,-21.3991622924805,0.364501953125,-1.173583984375,-0.439208984375,0,NaN
580,250806777,NaN,NaN,NaN,NaN,-6.46357536315918,6.50526857376099,3.7541196346283,9.04670906066895,11.0227575302124,-21.606559753418,0.373779296875,-1.17529296875,-0.43798828125,0,NaN
581,250823444,NaN,NaN,NaN,NaN,-6.56151008605957,6.51413583755493,3.71594333648682,10.1161966323853,11.5051383972168,-21.9545497894287,0.38330078125,-1.17431640625,-0.433349609375,0,NaN
582,250840111,NaN,NaN,NaN,NaN,-6.62675809860229,6.54854679107666,3.68787360191345,9.48472213745117,11.6622285842896,-22.3668365478516,0.388671875,-1.1767578125,-0.428466796875,0,NaN
583,250856778,NaN,NaN,NaN,NaN,-6.6562933921814,6.50142860412598,3.66599988937378,7.99663114547729,11.6357946395874,-23.0579032897949,0.396484375,-1.175048828125,-0.425048828125,0,NaN
584,250873445,NaN,NaN,NaN,NaN,-6.67471313476562,6.42103052139282,3.62153267860413,7.41695785522461,11.6849021911621,-23.9293994903564,0.404052734375,-1.17578125,-0.421630859375,0,NaN
585,250890112,NaN,NaN,NaN,NaN,-6.76032257080078,6.3950309753418,3.59342956542969,7.75303745269775,11.7231178283691,-24.8421401977539,0.4130859375,-1.1748046875,-0.422119140625,0,NaN
586,250906779,NaN,NaN,NaN,NaN,-6.85061073303223,6.41550302505493,3.52243900299072,8.44761180877686,11.5289554595947,-25.5601902008057,0.4189453125,-1.1748046875,-0.41552734375,0,NaN
587,250923446,NaN,NaN,NaN,NaN,-6.88254594802856,6.39269351959229,3.51458287239075,8.8941593170166,11.2424936294556,-26.0635013580322,0.427734375,-1.17431640625,-0.41259765625,0,NaN
588,250940113,NaN,NaN,NaN,NaN,-6.94853067398071,6.31065559387207,3.43600988388062,8.89339160919189,10.9983921051025,-26.5510292053223,0.438232421875,-1.17333984375,-0.407470703125,0,NaN
589,250956780,NaN,NaN,NaN,NaN,-6.97734308242798,6.25912237167358,3.32850074768066,9.35341739654541,10.4651403427124,-26.9749145507812,0.44873046875,-1.174072265625,-0.4052734375,0,NaN
590,250973447,NaN,NaN,NaN,NaN,-7.06525278091431,6.17936611175537,3.29731392860413,10.5572166442871,10.1850509643555,-27.5322341918945,0.4560546875,-1.171875,-0.399658203125,0,NaN
591,250990114,NaN,NaN,NaN,NaN,-7.07597541809082,6.12684345245361,3.25789999961853,11.3144235610962,9.7504940032959,-27.8734569549561,0.464111328125,-1.17578125,-0.3974609375,0,NaN
592,251006781,NaN,NaN,NaN,NaN,-7.16858386993408,6.03456020355225,3.19036912918091,13.4200401306152,9.0642261505127,-28.2748794555664,0.475830078125,-1.172607421875,-0.390625,0,NaN
593,251023448,NaN,NaN,NaN,NaN,-7.20740270614624,6.0227632522583,3.09413170814514,15.2597360610962,8.69601917266846,-28.4738826751709,0.4833984375,-1.173095703125,-0.388916015625,0,NaN
594,251040115,NaN,NaN,NaN,NaN,-7.17613506317139,5.96406650543213,3.09706330299377,16.4785614013672,8.72382259368896,-28.621940612793,0.49169921875,-1.17333984375,-0.385986328125,0,NaN
595,251056782,NaN,NaN,NaN,NaN,-7.15007257461548,5.84987592697144,3.06390976905823,16.2135829925537,8.65124988555908,-28.8515357971191,0.501220703125,-1.17236328125,-0.3798828125,0,NaN
596,251073449,NaN,NaN,NaN,NaN,-7.21305465698242,5.81192493438721,2.95646524429321,16.152795791626,7.95206499099731,-29.0687522888184,0.5087890625,-1.171875,-0.374267578125,0,NaN
597,251090116,NaN,NaN,NaN,NaN,-7.2460355758667,5.75641059875488,2.91078114509583,15.9815263748169,7.70934629440308,-29.2717247009277,0.51708984375,-1.17236328125,-0.36865234375,0,NaN
598,251106783,NaN,NaN,NaN,NaN,-7.25323963165283,5.67953014373779,2.87190628051758,15.9020891189575,8.08239555358887,-29.7782039642334,0.52587890625,-1.17138671875,-0.366943359375,0,NaN
599,251123450,NaN,NaN,NaN,NaN,-7.29407215118408,5.55618333816528,2.82689070701599,16.055908203125,8.55298233032227,-29.9507751464844,0.533935546875,-1.171875,-0.35693359375,0,NaN
600,251140117,NaN,NaN,NaN,NaN,-7.39954805374146,5.50805950164795,2.75972628593445,14.2130641937256,9.0608434677124,-30.2620277404785,0.54443359375,-1.17041015625,-0.3505859375,0,NaN
601,251156784,NaN,NaN,NaN,NaN,-7.40642690658569,5.42965221405029,2.7012403011322,12.4505634307861,9.72185230255127,-30.1194095611572,0.552734375,-1.171630859375,-0.35009765625,0,NaN
602,251173451,NaN,NaN,NaN,NaN,-7.43161153793335,5.29342746734619,2.71912026405334,10.1500453948975,10.3954801559448,-29.8610992431641,0.560546875,-1.167236328125,-0.344970703125,0,NaN
603,251190118,NaN,NaN,NaN,NaN,-7.53720045089722,5.13255882263184,2.71117496490479,10.0250282287598,10.9238443374634,-29.3302574157715,0.571533203125,-1.16552734375,-0.337646484375,0,NaN
604,251206785,NaN,NaN,NaN,NaN,-7.53592205047607,5.02111339569092,2.64527177810669,11.1273002624512,11.4394693374634,-28.8508224487305,0.579345703125,-1.163330078125,-0.333740234375,0,NaN
605,251223452,NaN,NaN,NaN,NaN,-7.59031438827515,5.03775978088379,2.54206967353821,10.7591285705566,11.9974431991577,-28.5981788635254,0.588623046875,-1.16015625,-0.330322265625,0,NaN
606,251240119,NaN,NaN,NaN,NaN,-7.68996715545654,4.99838542938232,2.53479099273682,9.80952072143555,12.2708587646484,-28.2018547058105,0.5986328125,-1.15966796875,-0.32373046875,0,NaN
607,251256786,NaN,NaN,NaN,NaN,-7.74803352355957,4.87166023254395,2.54983067512512,8.62423706054688,12.8643198013306,-27.9177589416504,0.60693359375,-1.158203125,-0.322998046875,0,NaN
608,251273453,NaN,NaN,NaN,NaN,-7.83313798904419,4.72927474975586,2.47208786010742,8.01161670684814,13.0800933837891,-27.5796527862549,0.61572265625,-1.152099609375,-0.32080078125,0,NaN
609,251290120,NaN,NaN,NaN,NaN,-7.86275053024292,4.77977800369263,2.41451549530029,8.4184684753418,12.8408365249634,-27.0953941345215,0.6240234375,-1.152099609375,-0.3134765625,0,NaN
610,251306787,NaN,NaN,NaN,NaN,-7.90416479110718,4.78328466415405,2.37385153770447,6.62750053405762,12.8976259231567,-26.8523998260498,0.63232421875,-1.147705078125,-0.311767578125,0,NaN
611,251323454,NaN,NaN,NaN,NaN,-7.94545888900757,4.66873407363892,2.29367780685425,3.33949637413025,13.0576372146606,-26.7493495941162,0.639892578125,-1.1455078125,-0.3056640625,0,NaN
612,251340121,NaN,NaN,NaN,NaN,-8.06854724884033,4.53905344009399,2.20167398452759,4.04551267623901,12.5251083374023,-26.5339584350586,0.647705078125,-1.14111328125,-0.300537109375,0,NaN
613,251356788,NaN,NaN,NaN,NaN,-8.18607139587402,4.57002305984497,2.20005249977112,6.71162891387939,11.8609619140625,-25.9107666015625,0.659423828125,-1.13916015625,-0.2978515625,0,NaN
614,251373455,NaN,NaN,NaN,NaN,-8.19463157653809,4.54893684387207,2.17960715293884,7.27418804168701,11.4584197998047,-25.3040523529053,0.66650390625,-1.1357421875,-0.296630859375,0,NaN
615,251390122,NaN,NaN,NaN,NaN,-8.22313117980957,4.51561880111694,2.08773040771484,5.93456888198853,10.9390859603882,-24.893798828125,0.6748046875,-1.132568359375,-0.293701171875,0,NaN
616,251406789,NaN,NaN,NaN,NaN,-8.25796318054199,4.39808320999146,2.03976249694824,5.50938272476196,10.2010641098022,-24.504186630249,0.68017578125,-1.1298828125,-0.285888671875,0,NaN
617,251423456,NaN,NaN,NaN,NaN,-8.24363040924072,4.3430700302124,1.9657461643219,5.76914024353027,9.3789644241333,-24.0992889404297,0.689208984375,-1.12646484375,-0.28369140625,0,NaN
618,251440123,NaN,NaN,NaN,NaN,-8.32186508178711,4.23357439041138,1.9755916595459,8.21528720855713,8.68574333190918,-23.4647216796875,0.6953125,-1.123291015625,-0.2802734375,0,NaN
619,251456790,NaN,NaN,NaN,NaN,-8.37976932525635,4.26836776733398,1.96540129184723,9.54398632049561,8.29924488067627,-22.8384895324707,0.701904296875,-1.12158203125,-0.2763671875,0,NaN
620,251473457,NaN,NaN,NaN,NaN,-8.34797954559326,4.22724914550781,1.94939208030701,9.63448810577393,8.00819301605225,-21.9808311462402,0.706787109375,-1.118896484375,-0.271240234375,0,NaN
621,251490124,NaN,NaN,NaN,NaN,-8.4023380279541,4.15765142440796,1.88943600654602,7.97109794616699,7.95026254653931,-21.6011238098145,0.715087890625,-1.11328125,-0.267333984375,0,NaN
622,251506791,NaN,NaN,NaN,NaN,-8.44673156738281,4.0387978553772,1.82466685771942,7.19259929656982,7.44578075408936,-21.2738800048828,0.719970703125,-1.11181640625,-0.2646484375,0,NaN
623,251523458,NaN,NaN,NaN,NaN,-8.48096179962158,4.01982307434082,1.88993906974792,8.71195888519287,7.17627000808716,-21.3111057281494,0.72705078125,-1.1123046875,-0.2607421875,0,NaN
624,251540125,NaN,NaN,NaN,NaN,-8.50570392608643,3.95396423339844,1.91636371612549,9.0298318862915,6.91123533248901,-20.961368560791,0.7314453125,-1.1083984375,-0.255126953125,0,NaN
625,251556792,NaN,NaN,NaN,NaN,-8.52709484100342,3.90920376777649,1.80676162242889,7.32891511917114,6.44294452667236,-20.6070575714111,0.737060546875,-1.1044921875,-0.25439453125,0,NaN
626,251573459,NaN,NaN,NaN,NaN,-8.56777477264404,3.84329891204834,1.77472853660583,6.20694065093994,6.37734317779541,-20.4749488830566,0.744384765625,-1.101806640625,-0.25341796875,0,NaN
627,251590126,NaN,NaN,NaN,NaN,-8.61183452606201,3.74144339561462,1.80637693405151,5.8631010055542,6.27811765670776,-20.0839672088623,0.749267578125,-1.100341796875,-0.25048828125,0,NaN
628,251606793,NaN,NaN,NaN,NaN,-8.71820545196533,3.67327046394348,1.77015900611877,6.65193605422974,5.84170246124268,-19.8568725585938,0.754638671875,-1.097412109375,-0.244384765625,0,NaN
629,251623460,NaN,NaN,NaN,NaN,-8.7163257598877,3.71603775024414,1.73013591766357,6.79000186920166,5.91606950759888,-19.9414081573486,0.761474609375,-1.095458984375,-0.24365234375,0,NaN
630,251640127,NaN,NaN,NaN,NaN,-8.7462682723999,3.62172627449036,1.69397103786469,5.2838888168335,5.86228799819946,-19.7278518676758,0.762939453125,-1.09033203125,-0.23876953125,0,NaN
631,251656794,NaN,NaN,NaN,NaN,-8.74137496948242,3.50225925445557,1.67006409168243,4.24077129364014,5.82320308685303,-19.389253616333,0.76953125,-1.0859375,-0.236572265625,0,NaN
632,251673461,NaN,NaN,NaN,NaN,-8.77462768554688,3.4280641078949,1.69184732437134,4.02791690826416,5.61397266387939,-18.8630237579346,0.77294921875,-1.08203125,-0.23828125,0,NaN
633,251690128,NaN,NaN,NaN,NaN,-8.84562873840332,3.42024707794189,1.70867502689362,4.92527103424072,5.28331184387207,-18.7118453979492,0.778564453125,-1.0771484375,-0.23486328125,0,NaN
634,251706795,NaN,NaN,NaN,NaN,-8.88762187957764,3.4066858291626,1.68972289562225,6.15066719055176,4.87676668167114,-18.45481300354,0.783447265625,-1.079345703125,-0.2314453125,0,NaN
635,251723462,NaN,NaN,NaN,NaN,-8.91769218444824,3.38832020759583,1.66985821723938,5.21003913879395,4.70508480072021,-18.0005054473877,0.78955078125,-1.075439453125,-0.229736328125,0,NaN
636,251740129,NaN,NaN,NaN,NaN,-8.92910671234131,3.32228398323059,1.65710258483887,4.1249041557312,4.77063941955566,-17.4163150787354,0.792236328125,-1.0693359375,-0.226806640625,0,NaN
637,251756796,NaN,NaN,NaN,NaN,-8.97192764282227,3.22237157821655,1.67165982723236,5.9582896232605,4.69632434844971,-16.644926071167,0.796142578125,-1.068115234375,-0.222412109375,0,NaN
638,251773463,NaN,NaN,NaN,NaN,-8.97120666503906,3.24972057342529,1.70449662208557,7.33479499816895,4.86394786834717,-16.463191986084,0.803466796875,-1.06787109375,-0.220703125,0,NaN
639,251790130,NaN,NaN,NaN,NaN,-9.00779342651367,3.18461155891418,1.64946341514587,7.25168085098267,4.8322639465332,-15.8639030456543,0.807861328125,-1.064453125,-0.2197265625,0,NaN
640,251806797,NaN,NaN,NaN,NaN,-9.04046535491943,3.24445533752441,1.65645241737366,7.44423532485962,4.73312902450562,-15.4615354537964,0.811767578125,-1.060546875,-0.21630859375,0,NaN
641,251823464,NaN,NaN,NaN,NaN,-9.04424285888672,3.13953161239624,1.61916899681091,9.41098785400391,5.26522207260132,-15.2219591140747,0.817138671875,-1.060546875,-0.21337890625,0,NaN
642,251840131,NaN,NaN,NaN,NaN,-9.05569362640381,3.13796758651733,1.50217688083649,10.8926849365234,5.65618705749512,-15.4819402694702,0.8193359375,-1.05712890625,-0.207763671875,0,NaN
643,251856798,NaN,NaN,NaN,NaN,-9.08220291137695,3.24028158187866,1.50137186050415,11.2575016021729,6.03320837020874,-15.8166656494141,0.822509765625,-1.05615234375,-0.203857421875,0,NaN
644,251873465,NaN,NaN,NaN,NaN,-9.08107376098633,3.22949838638306,1.50395727157593,10.4877490997314,6.77468395233154,-15.7437829971313,0.825927734375,-1.053466796875,-0.2021484375,0,NaN
645,251890132,NaN,NaN,NaN,NaN,-9.17981243133545,3.15177035331726,1.4266175031662,11.0088024139404,7.11722898483276,-15.8590536117554,0.830810546875,-1.0517578125,-0.19482421875,0,NaN
646,251906799,NaN,NaN,NaN,NaN,-9.1013240814209,3.11316776275635,1.32068634033203,12.2757177352905,7.16175031661987,-16.3443470001221,0.8369140625,-1.049560546875,-0.193115234375,0,NaN
647,251923466,NaN,NaN,NaN,NaN,-9.04633712768555,3.09312224388123,1.35201179981232,11.8729200363159,7.33436822891235,-16.8524532318115,0.839599609375,-1.046142578125,-0.18994140625,0,NaN
648,251940133,NaN,NaN,NaN,NaN,-9.10595893859863,3.03662085533142,1.29215967655182,9.74540996551514,7.33357429504395,-17.5667285919189,0.844970703125,-1.045654296875,-0.184814453125,0,NaN
649,251956800,NaN,NaN,NaN,NaN,-9.13806343078613,3.00638580322266,1.25274419784546,10.298903465271,6.53266429901123,-18.1069030761719,0.85107421875,-1.042236328125,-0.181884765625,0,NaN
650,251973467,NaN,NaN,NaN,NaN,-9.2080078125,2.98525905609131,1.3118724822998,10.3480291366577,5.60078382492065,-18.4893283843994,0.853271484375,-1.0400390625,-0.17919921875,0,NaN
651,251990134,NaN,NaN,NaN,NaN,-9.19349098205566,2.92276096343994,1.22435235977173,8.34583950042725,4.36026763916016,-18.5567111968994,0.857177734375,-1.037353515625,-0.174072265625,0,NaN
652,252006801,NaN,NaN,NaN,NaN,-9.21372413635254,2.82066178321838,1.1330771446228,7.32859086990356,3.5258424282074,-18.6104946136475,0.862548828125,-1.03125,-0.170166015625,0,NaN
653,252023468,NaN,NaN,NaN,NaN,-9.19800090789795,2.7532172203064,1.08949744701385,6.8380880355835,3.08524608612061,-18.8454608917236,0.86865234375,-1.02783203125,-0.166748046875,0,NaN
654,252040135,NaN,NaN,NaN,NaN,-9.1777515411377,2.65931272506714,1.12652599811554,7.70876836776733,2.96220302581787,-18.8927059173584,0.87158203125,-1.02294921875,-0.16748046875,0,NaN
655,252056802,NaN,NaN,NaN,NaN,-9.19963073730469,2.6304132938385,1.10410356521606,7.41514301300049,2.53673648834229,-18.8848495483398,0.874267578125,-1.024169921875,-0.16455078125,0,NaN
656,252073469,NaN,NaN,NaN,NaN,-9.20103645324707,2.65924668312073,1.01848661899567,6.51010465621948,2.78564143180847,-18.8531837463379,0.880859375,-1.02197265625,-0.1611328125,0,NaN
657,252090136,NaN,NaN,NaN,NaN,-9.20062446594238,2.55126118659973,1.03283667564392,7.14494132995605,2.95829701423645,-18.582633972168,0.8837890625,-1.0146484375,-0.159423828125,0,NaN
658,252106803,NaN,NaN,NaN,NaN,-9.13459777832031,2.40398859977722,1.04273903369904,7.77016162872314,3.13960909843445,-18.5357265472412,0.887451171875,-1.01025390625,-0.15673828125,0,NaN
659,252123470,NaN,NaN,NaN,NaN,-9.1432991027832,2.35786557197571,1.05271899700165,8.70512866973877,3.10079312324524,-18.6431083679199,0.891357421875,-1.007568359375,-0.15625,0,NaN
660,252140137,NaN,NaN,NaN,NaN,-9.15733623504639,2.39536261558533,1.0264093875885,8.37258625030518,3.26363897323608,-18.6390628814697,0.894775390625,-1.005126953125,-0.150634765625,0,NaN
661,252156804,NaN,NaN,NaN,NaN,-9.21124649047852,2.31948113441467,1.06994497776031,7.11245727539062,2.98582339286804,-18.1725673675537,0.896484375,-1.001953125,-0.151123046875,0,NaN
662,252173471,NaN,NaN,NaN,NaN,-9.29542827606201,2.25760293006897,1.06258010864258,5.98363351821899,2.64744710922241,-17.5646553039551,0.903564453125,-0.999267578125,-0.148193359375,0,NaN
663,252190138,NaN,NaN,NaN,NaN,-9.34776306152344,2.1862006187439,0.997967541217804,6.95868349075317,2.3834433555603,-17.2602710723877,0.906982421875,-0.994140625,-0.1455078125,0,NaN
664,252206805,NaN,NaN,NaN,NaN,-9.35587882995605,2.07624006271362,0.910449862480164,6.21030521392822,2.7272686958313,-17.4303398132324,0.907958984375,-0.98974609375,-0.140380859375,0,NaN
665,252223472,NaN,NaN,NaN,NaN,-9.36001396179199,1.97827672958374,0.879919946193695,7.02555274963379,2.45306587219238,-17.1970291137695,0.912841796875,-0.988037109375,-0.1416015625,0,NaN
666,252240139,NaN,NaN,NaN,NaN,-9.36058616638184,2.01557588577271,1.02064156532288,6.7797589302063,2.04186582565308,-16.5960350036621,0.91748046875,-0.983642578125,-0.14111328125,0,NaN
667,252256806,NaN,NaN,NaN,NaN,-9.41100406646729,1.95919406414032,1.04942750930786,7.56111431121826,1.93836498260498,-16.1575336456299,0.920166015625,-0.979248046875,-0.13818359375,0,NaN
668,252273473,NaN,NaN,NaN,NaN,-9.47533321380615,1.91825377941132,0.890634894371033,7.97414588928223,1.47422385215759,-15.9758367538452,0.924072265625,-0.978759765625,-0.1376953125,0,NaN
669,252290140,NaN,NaN,NaN,NaN,-9.4478874206543,1.85769951343536,0.882242977619171,9.41147327423096,0.704529285430908,-15.8017330169678,0.927978515625,-0.974853515625,-0.133056640625,0,NaN
670,252306807,NaN,NaN,NaN,NaN,-9.47099018096924,1.95668458938599,1.00312173366547,10.1034345626831,1.01462912559509,-15.8615550994873,0.927734375,-0.970703125,-0.13037109375,0,NaN
671,252323474,NaN,NaN,NaN,NaN,-9.499680519104,1.93380951881409,1.01891350746155,8.32680606842041,1.05298388004303,-16.1184711456299,0.931640625,-0.968505859375,-0.12744140625,0,NaN
672,252340141,NaN,NaN,NaN,NaN,-9.50790691375732,1.77472257614136,0.897146999835968,8.03165149688721,0.630265116691589,-16.4803581237793,0.93505859375,-0.964599609375,-0.124267578125,0,NaN
673,252356808,NaN,NaN,NaN,NaN,-9.52974319458008,1.75811672210693,0.939270198345184,9.49316787719727,0.58612185716629,-17.0360736846924,0.940673828125,-0.963623046875,-0.12646484375,0,NaN
674,252373475,NaN,NaN,NaN,NaN,-9.53803825378418,1.80422985553741,0.978826105594635,9.8416166305542,0.798476994037628,-17.5055160522461,0.941650390625,-0.95751953125,-0.121826171875,0,NaN
675,252390142,NaN,NaN,NaN,NaN,-9.49532032012939,1.81572926044464,1.0855987071991,8.30026721954346,0.731550872325897,-18.1483459472656,0.945068359375,-0.953125,-0.121826171875,0,NaN
676,252406809,NaN,NaN,NaN,NaN,-9.46037864685059,1.70394647121429,1.16030704975128,4.793532371521,0.276086032390594,-18.5727024078369,0.949951171875,-0.951904296875,-0.11962890625,0,NaN
677,252423476,NaN,NaN,NaN,NaN,-9.54661750793457,1.60809230804443,1.15789031982422,2.31629991531372,-0.091059647500515,-19.0919532775879,0.952392578125,-0.9453125,-0.12255859375,0,NaN
678,252440143,NaN,NaN,NaN,NaN,-9.61050319671631,1.47276973724365,1.06623363494873,2.00479817390442,0.171797409653664,-19.2230854034424,0.95556640625,-0.94091796875,-0.120361328125,0,NaN
679,252456810,NaN,NaN,NaN,NaN,-9.49753093719482,1.35190558433533,1.00478601455688,2.32725596427917,0.47577565908432,-19.0847492218018,0.9599609375,-0.9375,-0.11865234375,0,NaN
680,252473477,NaN,NaN,NaN,NaN,-9.31948280334473,1.29581677913666,0.994600534439087,0.301032841205597,1.57670032978058,-18.9680156707764,0.961181640625,-0.931396484375,-0.116943359375,0,NaN
681,252490144,NaN,NaN,NaN,NaN,-9.27333641052246,1.13330960273743,0.857607781887054,-4.31653261184692,2.68251061439514,-18.5382595062256,0.964599609375,-0.92431640625,-0.120849609375,0,NaN
682,252506811,NaN,NaN,NaN,NaN,-9.36723136901855,0.992002725601196,0.780749320983887,-3.63187837600708,3.47428965568542,-17.5287036895752,0.96728515625,-0.918212890625,-0.117431640625,0,NaN
683,252523478,NaN,NaN,NaN,NaN,-9.40011119842529,0.946965754032135,0.947177648544312,-1.29153454303741,3.86964082717896,-16.4352226257324,0.972412109375,-0.915283203125,-0.114013671875,0,NaN
684,252540145,NaN,NaN,NaN,NaN,-9.48405075073242,0.981891989707947,0.974075138568878,-1.8686021566391,3.90216898918152,-15.1385936737061,0.973388671875,-0.910888671875,-0.114013671875,0,NaN
685,252556812,NaN,NaN,NaN,NaN,-9.50155258178711,0.912198722362518,0.85778796672821,-2.61954069137573,4.64439868927002,-13.7978277206421,0.97509765625,-0.906005859375,-0.115234375,0,NaN
686,252573479,NaN,NaN,NaN,NaN,-9.5047550201416,0.800499558448792,0.747181355953217,-3.64673829078674,4.93706178665161,-12.2135381698608,0.97900390625,-0.903076171875,-0.110107421875,0,NaN
687,252590146,NaN,NaN,NaN,NaN,-9.47623920440674,0.72771167755127,0.688831090927124,-1.91315460205078,5.38278722763062,-10.9856777191162,0.984130859375,-0.8994140625,-0.113037109375,0,NaN
688,252606813,NaN,NaN,NaN,NaN,-9.49577140808105,0.698830723762512,0.707035720348358,0.946844279766083,5.76406955718994,-10.4420833587646,0.984130859375,-0.896484375,-0.1083984375,0,NaN
689,252623480,NaN,NaN,NaN,NaN,-9.4866418838501,0.696254909038544,0.770509719848633,2.4927761554718,5.31036615371704,-9.67968368530273,0.9873046875,-0.89306640625,-0.1083984375,0,NaN
690,252640147,NaN,NaN,NaN,NaN,-9.43222808837891,0.734111487865448,0.753861784934998,1.23337364196777,5.14629125595093,-8.64313697814941,0.989501953125,-0.8916015625,-0.105712890625,0,NaN
691,252656814,NaN,NaN,NaN,NaN,-9.4562520980835,0.731691062450409,0.608085155487061,-0.750945329666138,5.10187196731567,-7.68244743347168,0.989501953125,-0.88916015625,-0.105712890625,0,NaN
692,252673481,NaN,NaN,NaN,NaN,-9.57322883605957,0.715801775455475,0.525182902812958,-0.157434895634651,5.04131126403809,-7.00455665588379,0.993408203125,-0.886962890625,-0.102783203125,0,NaN
693,252690148,NaN,NaN,NaN,NaN,-9.55961990356445,0.65723729133606,0.605737328529358,1.17489957809448,4.93218088150024,-6.29526996612549,0.992919921875,-0.883056640625,-0.099609375,0,NaN
694,252706815,NaN,NaN,NaN,NaN,-9.47799205780029,0.611351847648621,0.613899707794189,0.104192487895489,4.81858253479004,-5.6109561920166,0.99462890625,-0.880859375,-0.1005859375,0,NaN
695,252723482,NaN,NaN,NaN,NaN,-9.47223567962646,0.679149031639099,0.493256747722626,-1.80589437484741,4.18082571029663,-4.65873956680298,0.997314453125,-0.883056640625,-0.097900390625,0,NaN
696,252740149,NaN,NaN,NaN,NaN,-9.49880409240723,0.661796092987061,0.406125575304031,-0.864704012870789,4.12114810943604,-3.56311750411987,0.998291015625,-0.88037109375,-0.095703125,0,NaN
697,252756816,NaN,NaN,NaN,NaN,-9.5435209274292,0.557814180850983,0.469470024108887,2.2386782169342,3.45138835906982,-2.48801159858704,0.997314453125,-0.87744140625,-0.098388671875,0,NaN
698,252773483,NaN,NaN,NaN,NaN,-9.57643127441406,0.619669437408447,0.626839935779572,3.30825853347778,1.78453314304352,-1.55529296398163,0.997802734375,-0.878662109375,-0.095703125,0,NaN
699,252790150,NaN,NaN,NaN,NaN,-9.57243251800537,0.714271545410156,0.597298622131348,1.24418163299561,0.487672209739685,-0.862661302089691,1.00048828125,-0.878173828125,-0.094482421875,0,NaN
700,252806817,NaN,NaN,NaN,NaN,-9.59967422485352,0.696795046329498,0.396433353424072,0.258208006620407,-0.279998004436493,-0.0382525660097599,1.00048828125,-0.878173828125,-0.094970703125,0,NaN
701,252823484,NaN,NaN,NaN,NaN,-9.62653827667236,0.724996745586395,0.423171013593674,2.45681500434875,-0.398751318454742,0.222734466195107,0.998779296875,-0.87744140625,-0.093994140625,0,NaN
702,252840151,NaN,NaN,NaN,NaN,-9.58397579193115,0.760438621044159,0.461074680089951,2.74065494537354,0.085796132683754,-0.0955225601792336,1.002197265625,-0.878662109375,-0.0927734375,0,NaN
703,252856818,NaN,NaN,NaN,NaN,-9.57245349884033,0.749856531620026,0.492083847522736,1.35608994960785,0.169287130236626,-0.172610387206078,1,-0.87744140625,-0.09228515625,0,NaN
704,252873485,NaN,NaN,NaN,NaN,-9.62618541717529,0.758735120296478,0.439015179872513,0.197717219591141,-0.621037542819977,-0.17983315885067,1.00048828125,-0.87744140625,-0.0927734375,0,NaN
705,252890152,NaN,NaN,NaN,NaN,-9.63468170166016,0.830064535140991,0.515541195869446,1.31217062473297,-1.38427674770355,-0.11324655264616,1.002197265625,-0.876953125,-0.0966796875,0,NaN
706,252906819,NaN,NaN,NaN,NaN,-9.69254112243652,0.840181946754456,0.608612239360809,2.12383699417114,-1.81947493553162,-0.0142662730067968,0.999267578125,-0.88134765625,-0.090576171875,0,NaN
707,252923486,NaN,NaN,NaN,NaN,-9.71266937255859,0.830279946327209,0.654800117015839,1.73458814620972,-2.69759368896484,0.126264199614525,1.001708984375,-0.87646484375,-0.09619140625,0,NaN
708,252940153,NaN,NaN,NaN,NaN,-9.67045307159424,0.845757961273193,0.642183244228363,0.708773851394653,-3.40324902534485,-0.081576444208622,1.00048828125,-0.87744140625,-0.093994140625,0,NaN
709,252956820,NaN,NaN,NaN,NaN,-9.57641887664795,0.839713394641876,0.608091413974762,-0.858268857002258,-3.29097604751587,-0.62223494052887,0.998291015625,-0.875732421875,-0.094482421875,0,NaN
710,252973487,NaN,NaN,NaN,NaN,-9.56181240081787,0.787155210971832,0.61040997505188,-1.0513117313385,-3.45482039451599,-0.640855431556702,0.997314453125,-0.878173828125,-0.094970703125,0,NaN
711,252990154,NaN,NaN,NaN,NaN,-9.52624797821045,0.802487134933472,0.639410316944122,0.399372428655624,-2.90444183349609,-0.411660134792328,0.99853515625,-0.878662109375,-0.1005859375,0,NaN
712,253006821,NaN,NaN,NaN,NaN,-9.55107593536377,0.812294483184814,0.63421756029129,0.908732116222382,-2.56401014328003,0.0847332030534744,0.99951171875,-0.874755859375,-0.09716796875,0,NaN
713,253023488,NaN,NaN,NaN,NaN,-9.55126857757568,0.828319191932678,0.667782247066498,0.323686897754669,-2.04639077186584,0.508111178874969,1.00048828125,-0.877685546875,-0.09716796875,0,NaN
714,253040155,NaN,NaN,NaN,NaN,-9.61640739440918,0.813245415687561,0.745577096939087,-0.0673870071768761,-1.69641864299774,0.608679354190826,0.99951171875,-0.874755859375,-0.10009765625,0,NaN
715,253056822,NaN,NaN,NaN,NaN,-9.63151168823242,0.74110221862793,0.771720826625824,0.486378729343414,-1.63188743591309,0.953580021858215,0.99951171875,-0.87646484375,-0.095703125,0,NaN
716,253073489,NaN,NaN,NaN,NaN,-9.71421909332275,0.804716944694519,0.758748054504395,0.852627635002136,-1.89633882045746,1.05231702327728,0.99951171875,-0.8759765625,-0.098876953125,0,NaN
717,253090156,NaN,NaN,NaN,NaN,-9.74060153961182,0.918218910694122,0.778396546840668,1.18122577667236,-1.66437721252441,1.10851120948792,0.997314453125,-0.875244140625,-0.101806640625,0,NaN
718,253106823,NaN,NaN,NaN,NaN,-9.77224636077881,0.878117620944977,0.759103357791901,0.832700908184052,-1.23198366165161,1.01839292049408,0.9990234375,-0.87646484375,-0.101318359375,0,NaN
719,253123490,NaN,NaN,NaN,NaN,-9.71122455596924,0.775964677333832,0.808897733688354,1.37695789337158,-1.27356588840485,1.03313314914703,0.997314453125,-0.87744140625,-0.098388671875,0,NaN
720,253140157,NaN,NaN,NaN,NaN,-9.64887428283691,0.82227498292923,0.879608869552612,1.42030739784241,-1.42870199680328,0.566251933574677,0.996826171875,-0.874755859375,-0.09716796875,0,NaN
721,253156824,NaN,NaN,NaN,NaN,-9.63854503631592,0.838396430015564,0.864943087100983,0.679306447505951,-1.06860017776489,0.383902341127396,0.9990234375,-0.874267578125,-0.098876953125,0,NaN
722,253173491,NaN,NaN,NaN,NaN,-9.65838432312012,0.827938497066498,0.791275203227997,0.0595047026872635,-0.698214948177338,0.335455924272537,1.000732421875,-0.878662109375,-0.098388671875,0,NaN
723,253190158,NaN,NaN,NaN,NaN,-9.60945129394531,0.812486112117767,0.803117632865906,-0.849650144577026,-0.225724741816521,0.156474396586418,0.9990234375,-0.876953125,-0.101806640625,0,NaN
724,253206825,NaN,NaN,NaN,NaN,-9.60202407836914,0.718135118484497,0.748949110507965,-1.46044898033142,0.292849183082581,0.255352199077606,0.997314453125,-0.873046875,-0.09716796875,0,NaN
725,253223492,NaN,NaN,NaN,NaN,-9.62623119354248,0.632451355457306,0.708802342414856,-1.39662218093872,0.666474580764771,0.555789172649384,0.99853515625,-0.87646484375,-0.10009765625,0,NaN
726,253240159,NaN,NaN,NaN,NaN,-9.62046051025391,0.661169528961182,0.711637496948242,0.997954070568085,0.655486643314362,1.12440395355225,1,-0.876953125,-0.1005859375,0,NaN
727,253256826,NaN,NaN,NaN,NaN,-9.65307807922363,0.71151065826416,0.770354807376862,2.33958578109741,0.979359269142151,1.77629852294922,0.99951171875,-0.87646484375,-0.099609375,0,NaN
728,253273493,NaN,NaN,NaN,NaN,-9.65919494628906,0.73031097650528,0.728784084320068,2.06775808334351,0.97199547290802,2.52267789840698,0.997802734375,-0.87744140625,-0.098876953125,0,NaN
729,253290160,NaN,NaN,NaN,NaN,-9.7069845199585,0.784674525260925,0.727790355682373,1.40046417713165,1.09476363658905,2.79398703575134,1.000732421875,-0.87646484375,-0.10009765625,0,NaN
730,253306827,NaN,NaN,NaN,NaN,-9.65649700164795,0.82346498966217,0.702786684036255,0.516480147838593,1.04843032360077,2.63758301734924,0.997314453125,-0.879638671875,-0.095703125,0,NaN
731,253323494,NaN,NaN,NaN,NaN,-9.61734771728516,0.820474863052368,0.693225681781769,-1.03610420227051,1.08031809329987,2.41162776947021,0.99951171875,-0.87744140625,-0.0966796875,0,NaN
732,253340161,NaN,NaN,NaN,NaN,-9.66155338287354,0.800830185413361,0.704275012016296,-1.57810711860657,0.853927254676819,2.1499171257019,0.9990234375,-0.878173828125,-0.095703125,0,NaN
733,253356828,NaN,NaN,NaN,NaN,-9.66602516174316,0.843481004238129,0.677823901176453,-0.960994899272919,0.718717992305756,1.94669318199158,0.99560546875,-0.87744140625,-0.094970703125,0,NaN
734,253373495,NaN,NaN,NaN,NaN,-9.72763538360596,0.903825461864471,0.638604879379272,-1.07095646858215,0.84728729724884,1.54315865039825,0.997802734375,-0.876953125,-0.0966796875,0,NaN
735,253390162,NaN,NaN,NaN,NaN,-9.73091506958008,0.861312031745911,0.618634045124054,-0.8138627409935,0.881576240062714,1.43035387992859,0.997802734375,-0.878662109375,-0.095703125,0,NaN
736,253406829,NaN,NaN,NaN,NaN,-9.68513488769531,0.843864142894745,0.687998473644257,-0.750644147396088,0.718737125396729,1.1092027425766,0.998779296875,-0.87744140625,-0.09326171875,0,NaN
737,253423496,NaN,NaN,NaN,NaN,-9.71545886993408,0.828052043914795,0.712335169315338,-1.01720201969147,0.835985779762268,0.93152117729187,0.996826171875,-0.879150390625,-0.09716796875,0,NaN
738,253440163,NaN,NaN,NaN,NaN,-9.64019298553467,0.870901107788086,0.647416830062866,-1.17042994499207,0.50800234079361,0.912964701652527,1,-0.87744140625,-0.09619140625,0,NaN
739,253456830,NaN,NaN,NaN,NaN,-9.65522193908691,0.860311150550842,0.667078793048859,-0.926123261451721,0.514469504356384,0.883087456226349,0.997314453125,-0.876953125,-0.094482421875,0,NaN
740,253473497,NaN,NaN,NaN,NaN,-9.6274356842041,0.843346953392029,0.599160611629486,-0.651791989803314,0.300635486841202,1.22923672199249,0.997802734375,-0.87646484375,-0.095703125,0,NaN
741,253490164,NaN,NaN,NaN,NaN,-9.56504058837891,0.870213866233826,0.622696042060852,0.63819807767868,0.618719577789307,1.52930247783661,0.997314453125,-0.878173828125,-0.098388671875,0,NaN
742,253506831,NaN,NaN,NaN,NaN,-9.54054737091064,0.845830798149109,0.584979832172394,-1.00232744216919,0.780220448970795,1.73919856548309,1,-0.879150390625,-0.0927734375,0,NaN
743,253523498,NaN,NaN,NaN,NaN,-9.61233043670654,0.862502157688141,0.494003057479858,-1.02619850635529,0.790286242961884,1.89054381847382,0.99951171875,-0.878662109375,-0.094970703125,0,NaN
744,253540165,NaN,NaN,NaN,NaN,-9.6910228729248,0.903208255767822,0.529448807239532,1.0424177646637,0.865677297115326,1.77245652675629,0.9990234375,-0.878173828125,-0.095703125,0,NaN
745,253556832,NaN,NaN,NaN,NaN,-9.63875389099121,0.95781010389328,0.629328668117523,2.04562878608704,0.681970179080963,2.04167151451111,0.99951171875,-0.8798828125,-0.09619140625,0,NaN
746,253573499,NaN,NaN,NaN,NaN,-9.59323024749756,1.00301826000214,0.57102382183075,1.04701519012451,0.147471517324448,2.26970148086548,0.99951171875,-0.88037109375,-0.09326171875,0,NaN
747,253590166,NaN,NaN,NaN,NaN,-9.59020805358887,0.999354064464569,0.500608205795288,1.03447759151459,-0.182388022542,2.49652719497681,1.00048828125,-0.880859375,-0.09228515625,0,NaN
748,253606833,NaN,NaN,NaN,NaN,-9.61248397827148,1.02274990081787,0.55407327413559,1.62898063659668,-0.258015960454941,2.45259547233582,0.998779296875,-0.880859375,-0.09326171875,0,NaN
749,253623500,NaN,NaN,NaN,NaN,-9.6279935836792,1.01983463764191,0.558011889457703,2.43659996986389,-0.444860547780991,2.32504391670227,0.997802734375,-0.882568359375,-0.0927734375,0,NaN
750,253640167,NaN,NaN,NaN,NaN,-9.59772968292236,1.04789793491364,0.531493306159973,2.40302157402039,-0.509007573127747,2.14237403869629,0.995361328125,-0.88134765625,-0.090087890625,0,NaN
751,253656834,NaN,NaN,NaN,NaN,-9.59068584442139,1.04463624954224,0.559803009033203,2.35711741447449,-0.391541361808777,2.05858898162842,0.999267578125,-0.88427734375,-0.091064453125,0,NaN
752,253673501,NaN,NaN,NaN,NaN,-9.65302658081055,1.04793429374695,0.555826425552368,1.83664178848267,-0.792405664920807,2.06453108787537,0.998291015625,-0.88427734375,-0.09326171875,0,NaN
753,253690168,NaN,NaN,NaN,NaN,-9.68217182159424,1.03921782970428,0.574114561080933,2.2281322479248,-1.0122652053833,1.88955771923065,0.99609375,-0.8857421875,-0.09228515625,0,NaN
754,253706835,NaN,NaN,NaN,NaN,-9.65045928955078,0.994233787059784,0.576995551586151,2.90595293045044,-1.15917313098907,1.79812693595886,0.99658203125,-0.885986328125,-0.093994140625,0,NaN
755,253723502,NaN,NaN,NaN,NaN,-9.60195827484131,1.07724320888519,0.615409553050995,2.58273983001709,-1.6097069978714,1.71020483970642,0.9970703125,-0.887451171875,-0.090576171875,0,NaN
756,253740169,NaN,NaN,NaN,NaN,-9.57460594177246,1.10712099075317,0.536690473556519,1.39949715137482,-1.33029818534851,1.22866058349609,0.995849609375,-0.884765625,-0.0888671875,0,NaN
757,253756836,NaN,NaN,NaN,NaN,-9.58919906616211,1.04496943950653,0.496029555797577,1.05592834949493,-1.09145963191986,0.862885475158691,0.993896484375,-0.886474609375,-0.09326171875,0,NaN
758,253773503,NaN,NaN,NaN,NaN,-9.60554313659668,1.0267858505249,0.559526741504669,1.77755343914032,-0.975395619869232,0.721170425415039,0.9970703125,-0.88818359375,-0.093994140625,0,NaN
759,253790170,NaN,NaN,NaN,NaN,-9.63813495635986,1.04039359092712,0.547095596790314,1.92422461509705,-0.754575848579407,0.668267369270325,0.99609375,-0.88818359375,-0.094482421875,0,NaN
760,253806837,NaN,NaN,NaN,NaN,-9.64509963989258,1.0025247335434,0.476936906576157,1.52774620056152,-0.816961765289307,0.567410945892334,0.994873046875,-0.887451171875,-0.09228515625,0,NaN
761,253823504,NaN,NaN,NaN,NaN,-9.65000247955322,0.953857004642487,0.487741440534592,2.14312982559204,-0.880276441574097,0.542067110538483,0.994140625,-0.88623046875,-0.087646484375,0,NaN
762,253840171,NaN,NaN,NaN,NaN,-9.66921329498291,0.960471451282501,0.527009546756744,3.34761810302734,-1.05261147022247,0.299412459135056,0.995361328125,-0.887451171875,-0.090576171875,0,NaN
763,253856838,NaN,NaN,NaN,NaN,-9.62999057769775,0.963290452957153,0.583782017230988,3.81669569015503,-1.4732038974762,0.297228962182999,0.9970703125,-0.886962890625,-0.091064453125,0,NaN
764,253873505,NaN,NaN,NaN,NaN,-9.59472942352295,0.966370105743408,0.588019192218781,2.70844697952271,-2.05206370353699,0.200656279921532,0.994384765625,-0.890380859375,-0.091552734375,0,NaN
765,253890172,NaN,NaN,NaN,NaN,-9.61384773254395,0.958065807819366,0.535615086555481,1.52483284473419,-2.31966543197632,0.199439689517021,0.994873046875,-0.886474609375,-0.090087890625,0,NaN
766,253906839,NaN,NaN,NaN,NaN,-9.65183353424072,0.938292980194092,0.505107998847961,2.00364303588867,-2.56861424446106,0.282111078500748,0.99658203125,-0.8857421875,-0.091552734375,0,NaN
767,253923506,NaN,NaN,NaN,NaN,-9.63192081451416,0.890254020690918,0.540643036365509,3.38663291931152,-2.55504608154297,0.555725157260895,0.994384765625,-0.887451171875,-0.090576171875,0,NaN
768,253940173,NaN,NaN,NaN,NaN,-9.66682529449463,0.922556519508362,0.58810830116272,4.09123849868774,-2.92385601997375,0.656805634498596,0.9931640625,-0.886962890625,-0.090087890625,0,NaN
769,253956840,NaN,NaN,NaN,NaN,-9.65497493743896,1.00988245010376,0.564013719558716,3.63739466667175,-3.03493881225586,0.595066368579865,0.995361328125,-0.887451171875,-0.090087890625,0,NaN
770,253973507,NaN,NaN,NaN,NaN,-9.64728355407715,0.973130702972412,0.547203719615936,3.49717116355896,-3.11579155921936,0.720613300800323,0.9931640625,-0.887939453125,-0.091552734375,0,NaN
771,253990174,NaN,NaN,NaN,NaN,-9.58872699737549,0.901736319065094,0.586224794387817,4.38617563247681,-3.38133120536804,0.810885369777679,0.9931640625,-0.88916015625,-0.090576171875,0,NaN
772,254006841,NaN,NaN,NaN,NaN,-9.56414222717285,0.94011002779007,0.577294826507568,4.2300591468811,-3.58178234100342,0.671930015087128,0.994873046875,-0.890869140625,-0.09228515625,0,NaN
773,254023508,NaN,NaN,NaN,NaN,-9.54901027679443,0.986558318138123,0.546949684619904,4.30659008026123,-3.53748488426208,0.655243337154388,0.99365234375,-0.88916015625,-0.09228515625,0,NaN
774,254040175,NaN,NaN,NaN,NaN,-9.62113285064697,0.941834807395935,0.580024659633636,3.64792037010193,-3.25547671318054,0.662914335727692,0.9931640625,-0.890380859375,-0.09228515625,0,NaN
775,254056842,NaN,NaN,NaN,NaN,-9.58466243743896,0.897647261619568,0.603560388088226,4.14389801025391,-3.86977171897888,0.947778820991516,0.9931640625,-0.892578125,-0.09326171875,0,NaN
776,254073509,NaN,NaN,NaN,NaN,-9.57730388641357,0.969122052192688,0.663154542446136,3.77311563491821,-4.23069286346436,1.17970168590546,0.99267578125,-0.892578125,-0.09326171875,0,NaN
777,254090176,NaN,NaN,NaN,NaN,-9.59583473205566,0.991068005561829,0.581379055976868,2.41410636901855,-4.37219047546387,1.55838584899902,0.99267578125,-0.890869140625,-0.095703125,0,NaN
778,254106843,NaN,NaN,NaN,NaN,-9.6444149017334,1.01562285423279,0.624041438102722,2.38408803939819,-4.24315404891968,1.75487351417542,0.990478515625,-0.8935546875,-0.095458984375,0,NaN
779,254123510,NaN,NaN,NaN,NaN,-9.62383842468262,0.974266886711121,0.693161487579346,3.3026487827301,-4.21555614471436,1.84934592247009,0.99169921875,-0.891357421875,-0.095703125,0,NaN
780,254140177,NaN,NaN,NaN,NaN,-9.63820362091064,1.00599038600922,0.723130464553833,4.0909252166748,-4.11124229431152,1.68928575515747,0.986572265625,-0.892333984375,-0.09326171875,0,NaN
781,254156844,NaN,NaN,NaN,NaN,-9.63324737548828,1.02947068214417,0.759555101394653,-2.24672698974609,-1.62322402000427,0.506836831569672,0.989501953125,-0.892578125,-0.0966796875,0,NaN
782,254173511,NaN,NaN,NaN,NaN,-9.55981254577637,1.13717222213745,0.652011275291443,5.42848491668701,-4.88757658004761,1.59305906295776,0.991455078125,-0.895263671875,-0.095458984375,0,NaN
783,254190178,NaN,NaN,NaN,NaN,-9.58963584899902,1.1416277885437,0.700864434242249,3.81665134429932,-4.556480884552,1.33192455768585,0.9892578125,-0.895263671875,-0.0966796875,0,NaN
784,254206845,NaN,NaN,NaN,NaN,-9.65192604064941,1.15691447257996,0.803430140018463,2.92658424377441,-4.70608425140381,0.903705775737762,0.986572265625,-0.8935546875,-0.10009765625,0,NaN
785,254223512,NaN,NaN,NaN,NaN,-9.61173534393311,1.11403226852417,0.837286651134491,3.10600137710571,-5.029944896698,0.798655390739441,0.98779296875,-0.8974609375,-0.098876953125,0,NaN
786,254240179,NaN,NaN,NaN,NaN,-9.64913272857666,1.09653949737549,0.82805061340332,3.1679904460907,-5.43825578689575,0.795780301094055,0.98779296875,-0.895751953125,-0.09716796875,0,NaN
787,254256846,NaN,NaN,NaN,NaN,-9.65160179138184,1.12973034381866,0.805322110652924,5.0774941444397,-5.80292987823486,0.713128089904785,0.986572265625,-0.896484375,-0.099609375,0,NaN
788,254273513,NaN,NaN,NaN,NaN,-9.62882518768311,1.18601822853088,0.877280652523041,6.19515609741211,-5.70479440689087,0.586678206920624,0.984375,-0.894775390625,-0.101318359375,0,NaN
789,254290180,NaN,NaN,NaN,NaN,-9.57830142974854,1.17312061786652,0.95143073797226,4.93712472915649,-5.56360483169556,0.377319991588593,0.985595703125,-0.8974609375,-0.10400390625,0,NaN
790,254306847,NaN,NaN,NaN,NaN,-9.60107135772705,1.12817454338074,0.931085824966431,3.59401273727417,-5.57161378860474,0.259251773357391,0.9873046875,-0.900390625,-0.102294921875,0,NaN
791,254323514,NaN,NaN,NaN,NaN,-9.63689517974854,1.06219589710236,0.902977406978607,4.50720882415771,-5.87328195571899,0.312808007001877,0.985595703125,-0.899169921875,-0.1044921875,0,NaN
792,254340181,NaN,NaN,NaN,NaN,-9.58971500396729,1.07434523105621,0.96232533454895,5.87698268890381,-4.88928604125977,0.0139397140592337,0.984375,-0.90087890625,-0.1005859375,0,NaN
793,254356848,NaN,NaN,NaN,NaN,-9.53312397003174,1.04927718639374,0.973303318023682,5.48004913330078,-4.69204187393188,-0.0703708902001381,0.98291015625,-0.898681640625,-0.1044921875,0,NaN
794,254373515,NaN,NaN,NaN,NaN,-9.53714942932129,1.06154143810272,0.977064549922943,3.07907581329346,-4.4274754524231,0.0798668041825294,0.9833984375,-0.899658203125,-0.103515625,0,NaN
795,254390182,NaN,NaN,NaN,NaN,-9.59752082824707,0.971412897109985,1.01879477500916,2.2386462688446,-3.92284107208252,0.242404997348785,0.981201171875,-0.899169921875,-0.1044921875,0,NaN
796,254406849,NaN,NaN,NaN,NaN,-9.63051414489746,0.862995743751526,0.968174695968628,3.95604181289673,-3.53908634185791,0.582464814186096,0.982177734375,-0.899169921875,-0.1044921875,0,NaN
797,254423516,NaN,NaN,NaN,NaN,-9.63397407531738,0.804777681827545,0.970766127109528,5.65569400787354,-3.36878061294556,0.87107515335083,0.981201171875,-0.899658203125,-0.10400390625,0,NaN
798,254440183,NaN,NaN,NaN,NaN,-9.64727210998535,0.852514207363129,1.03243291378021,5.41574192047119,-2.89068174362183,1.32552134990692,0.98291015625,-0.902587890625,-0.105224609375,0,NaN
799,254456850,NaN,NaN,NaN,NaN,-9.64095401763916,0.848103523254395,1.11457276344299,4.66970157623291,-2.22229862213135,1.76368415355682,0.981689453125,-0.90185546875,-0.10400390625,0,NaN
800,254473517,NaN,NaN,NaN,NaN,-9.67654418945312,0.844921350479126,1.14498043060303,2.07977032661438,-1.16567230224609,2.09034824371338,0.982177734375,-0.904296875,-0.105224609375,0,NaN
801,254490184,NaN,NaN,NaN,NaN,-9.6218957901001,0.709370613098145,1.13137865066528,0.66775506734848,-0.300372928380966,2.72077941894531,0.98291015625,-0.903076171875,-0.105712890625,0,NaN
802,254506851,NaN,NaN,NaN,NaN,-9.63821601867676,0.694056451320648,1.18698179721832,-0.28513976931572,0.957978963851929,3.18721890449524,0.982177734375,-0.904296875,-0.10400390625,0,NaN
803,254523518,NaN,NaN,NaN,NaN,-9.66246318817139,0.623762547969818,1.20753121376038,-2.90010046958923,1.88229668140411,3.65794801712036,0.98046875,-0.90185546875,-0.102294921875,0,NaN
804,254540185,NaN,NaN,NaN,NaN,-9.68353939056396,0.561762928962708,1.24715578556061,-3.34331560134888,2.3922712802887,4.86659908294678,0.981201171875,-0.90478515625,-0.1044921875,0,NaN
805,254556852,NaN,NaN,NaN,NaN,-9.71630382537842,0.496802300214767,1.30897748470306,-0.750477850437164,2.12671899795532,6.63358163833618,0.97998046875,-0.90576171875,-0.10400390625,0,NaN
806,254573519,NaN,NaN,NaN,NaN,-9.69595050811768,0.528061509132385,1.26060116291046,-0.391266137361526,1.7323796749115,8.54979133605957,0.977783203125,-0.90478515625,-0.101806640625,0,NaN
807,254590186,NaN,NaN,NaN,NaN,-9.59369468688965,0.592351853847504,1.1155378818512,-1.73557472229004,2.04791522026062,10.1272268295288,0.978271484375,-0.910400390625,-0.106689453125,0,NaN
808,254606853,NaN,NaN,NaN,NaN,-9.51718139648438,0.628106296062469,1.07907891273499,-3.05256772041321,3.12454557418823,11.3058977127075,0.97607421875,-0.910888671875,-0.102294921875,0,NaN
809,254623520,NaN,NaN,NaN,NaN,-9.43192195892334,0.624707698822021,1.07670915126801,-3.89056539535522,4.57797813415527,12.3261709213257,0.9765625,-0.91357421875,-0.102783203125,0,NaN
810,254640187,NaN,NaN,NaN,NaN,-9.42866516113281,0.724950611591339,0.994676768779755,-4.64210033416748,5.65990495681763,13.2157983779907,0.97265625,-0.915771484375,-0.101806640625,0,NaN
811,254656854,NaN,NaN,NaN,NaN,-9.46621990203857,0.825105547904968,0.861550092697144,-5.8540940284729,7.00060367584229,14.1241283416748,0.97216796875,-0.919189453125,-0.1005859375,0,NaN
812,254673521,NaN,NaN,NaN,NaN,-9.54822731018066,0.835505485534668,0.804415643215179,-5.57909250259399,8.30681610107422,15.2247495651245,0.970947265625,-0.9248046875,-0.099609375,0,NaN
813,254690188,NaN,NaN,NaN,NaN,-9.54142475128174,0.911018431186676,0.713690519332886,-4.24272298812866,9.17974853515625,15.9492845535278,0.9697265625,-0.92578125,-0.098876953125,0,NaN
814,254706855,NaN,NaN,NaN,NaN,-9.55764102935791,0.966224014759064,0.598277151584625,-4.62316226959229,9.01976013183594,16.7163066864014,0.966796875,-0.9296875,-0.094482421875,0,NaN
815,254723522,NaN,NaN,NaN,NaN,-9.56709861755371,1.04197514057159,0.642355918884277,-6.27280187606812,8.93771171569824,17.2289371490479,0.964599609375,-0.932373046875,-0.095458984375,0,NaN
816,254740189,NaN,NaN,NaN,NaN,-9.53883934020996,1.10967874526978,0.623678207397461,-8.25005626678467,7.36520671844482,18.407693862915,0.962890625,-0.936279296875,-0.0927734375,0,NaN
817,254756856,NaN,NaN,NaN,NaN,-9.56279277801514,1.1622462272644,0.542842745780945,-10.01975440979,6.00140428543091,18.9888439178467,0.960205078125,-0.93896484375,-0.09326171875,0,NaN
818,254773523,NaN,NaN,NaN,NaN,-9.46690654754639,1.16894066333771,0.376638770103455,-11.8956098556519,4.75491046905518,19.0327224731445,0.955078125,-0.943359375,-0.0927734375,0,NaN
819,254790190,NaN,NaN,NaN,NaN,-9.41925048828125,1.21348869800568,0.466508418321609,-13.6079263687134,3.32963824272156,19.2508316040039,0.956298828125,-0.945068359375,-0.09326171875,0,NaN
820,254806857,NaN,NaN,NaN,NaN,-9.31200122833252,1.32247340679169,0.513770639896393,-18.0673065185547,2.55329155921936,19.1666889190674,0.952392578125,-0.947998046875,-0.098388671875,0,NaN
821,254823524,NaN,NaN,NaN,NaN,-9.23630046844482,1.28771734237671,0.431421041488647,-23.7820777893066,1.35453867912292,19.9647274017334,0.951904296875,-0.95068359375,-0.098876953125,0,NaN
822,254840191,NaN,NaN,NaN,NaN,-9.23530769348145,1.19124329090118,0.447425812482834,-23.8346538543701,0.142317458987236,21.7713947296143,0.947998046875,-0.951171875,-0.106201171875,0,NaN
823,254856858,NaN,NaN,NaN,NaN,-9.19364452362061,1.20822381973267,0.447017580270767,-21.5810222625732,0.025369469076395,23.1802272796631,0.943115234375,-0.956298828125,-0.1123046875,0,NaN
824,254873525,NaN,NaN,NaN,NaN,-9.11249732971191,1.14019811153412,0.302191942930222,-20.018045425415,-0.516565263271332,25.0868225097656,0.9375,-0.958984375,-0.111328125,0,NaN
825,254890192,NaN,NaN,NaN,NaN,-8.96285057067871,1.19137179851532,0.425969511270523,-19.8986072540283,-1.05063080787659,27.4394092559814,0.9326171875,-0.960693359375,-0.11572265625,0,NaN
826,254906859,NaN,NaN,NaN,NaN,-9.01146507263184,1.40135812759399,0.402510911226273,-23.4936542510986,-1.61216759681702,30.0168418884277,0.927734375,-0.968994140625,-0.120849609375,0,NaN
827,254923526,NaN,NaN,NaN,NaN,-9.09051132202148,1.34713804721832,0.397280365228653,-20.7750377655029,-1.94891250133514,32.7146453857422,0.925537109375,-0.972412109375,-0.1259765625,0,NaN
828,254940193,NaN,NaN,NaN,NaN,-9.03673458099365,1.32680940628052,0.346665918827057,-16.4226264953613,-1.93654775619507,34.999584197998,0.916015625,-0.976806640625,-0.128662109375,0,NaN
829,254956860,NaN,NaN,NaN,NaN,-8.9581413269043,1.41591918468475,0.37847825884819,-15.3819580078125,-3.67171120643616,37.8953170776367,0.91015625,-0.98388671875,-0.133056640625,0,NaN
830,254973527,NaN,NaN,NaN,NaN,-8.98613452911377,1.73209035396576,0.491513550281525,-18.5410270690918,-4.66375303268433,40.3314743041992,0.904541015625,-0.99072265625,-0.139404296875,0,NaN
831,254990194,NaN,NaN,NaN,NaN,-8.9150390625,1.7497341632843,0.573821723461151,-21.2743587493896,-5.3765664100647,42.7049942016602,0.896240234375,-0.9990234375,-0.143798828125,0,NaN
832,255006861,NaN,NaN,NaN,NaN,-8.92520999908447,1.67516720294952,0.472497940063477,-21.9291954040527,-7.07156991958618,45.4501838684082,0.887939453125,-1.00732421875,-0.148193359375,0,NaN
833,255023528,NaN,NaN,NaN,NaN,-8.99060726165771,1.68290054798126,0.519284307956696,-12.7219877243042,-9.28031444549561,48.4420852661133,0.876953125,-1.01220703125,-0.154052734375,0,NaN
834,255040195,NaN,NaN,NaN,NaN,-8.89464569091797,2.21030139923096,0.638693928718567,-8.03408050537109,-8.96795272827148,50.0440673828125,0.86572265625,-1.025634765625,-0.159423828125,0,NaN
835,255056862,NaN,NaN,NaN,NaN,-8.70015239715576,2.37366366386414,0.670380055904388,-12.2708616256714,-10.1270065307617,51.7145080566406,0.85693359375,-1.033203125,-0.1640625,0,NaN
836,255073529,NaN,NaN,NaN,NaN,-8.5810022354126,2.55637192726135,0.82297420501709,-19.4483909606934,-11.5356874465942,53.284122467041,0.84423828125,-1.043701171875,-0.169189453125,0,NaN
837,255090196,NaN,NaN,NaN,NaN,-8.6552209854126,2.80216288566589,0.950613975524902,-22.7411975860596,-12.0707721710205,54.2607383728027,0.830322265625,-1.05322265625,-0.177490234375,0,NaN
838,255106863,NaN,NaN,NaN,NaN,-8.52206134796143,2.90759801864624,1.0002703666687,-23.1645355224609,-12.6649341583252,54.8814697265625,0.8193359375,-1.05859375,-0.18359375,0,NaN
839,255123530,NaN,NaN,NaN,NaN,-8.32539463043213,3.03057956695557,0.984041571617126,-27.5219192504883,-14.0109529495239,55.5897178649902,0.807373046875,-1.06591796875,-0.196533203125,0,NaN
840,255140197,NaN,NaN,NaN,NaN,-8.29369258880615,3.1790246963501,1.13305580615997,-32.4730949401855,-15.8555107116699,57.2131881713867,0.79345703125,-1.073486328125,-0.203369140625,0,NaN
841,255156864,NaN,NaN,NaN,NaN,-8.4335355758667,3.21962857246399,1.37932407855988,-29.9727935791016,-17.0711841583252,58.8427696228027,0.777587890625,-1.081298828125,-0.212890625,0,NaN
842,255173531,NaN,NaN,NaN,NaN,-8.32612991333008,3.4952130317688,1.23811972141266,-27.2216205596924,-18.141975402832,59.8952217102051,0.7626953125,-1.086669921875,-0.220703125,0,NaN
843,255190198,NaN,NaN,NaN,NaN,-8.27751064300537,3.60137152671814,1.27984285354614,-24.1653861999512,-19.4407863616943,61.7009735107422,0.74609375,-1.09326171875,-0.234375,0,NaN
844,255206865,NaN,NaN,NaN,NaN,-8.22909545898438,3.85444211959839,1.55594217777252,-21.185884475708,-19.4687023162842,63.1883811950684,0.73291015625,-1.10107421875,-0.243896484375,0,NaN
845,255223532,NaN,NaN,NaN,NaN,-8.14516544342041,4.06691122055054,1.6116691827774,-16.7504444122314,-19.2794227600098,64.6849822998047,0.717041015625,-1.1103515625,-0.251708984375,0,NaN
846,255240199,NaN,NaN,NaN,NaN,-8.01713752746582,4.37708473205566,1.65606963634491,-14.2106027603149,-19.2655601501465,65.9893798828125,0.699951171875,-1.1181640625,-0.259033203125,0,NaN
847,255256866,NaN,NaN,NaN,NaN,-7.82478666305542,4.63899755477905,1.84028327465057,-14.3578605651855,-18.0843181610107,66.6931610107422,0.681640625,-1.125732421875,-0.2646484375,0,NaN
848,255273533,NaN,NaN,NaN,NaN,-7.76300621032715,4.77573680877686,2.00678324699402,-15.0633678436279,-17.6446857452393,67.3503112792969,0.6650390625,-1.13671875,-0.27294921875,0,NaN
849,255290200,NaN,NaN,NaN,NaN,-7.68572998046875,4.99017810821533,2.15042781829834,-11.9936561584473,-17.3206119537354,67.1112594604492,0.646728515625,-1.1416015625,-0.279296875,0,NaN
850,255306867,NaN,NaN,NaN,NaN,-7.59424495697021,5.33009386062622,2.17775893211365,-9.43934059143066,-16.4344272613525,66.2913131713867,0.629638671875,-1.15185546875,-0.284912109375,0,NaN
851,255323534,NaN,NaN,NaN,NaN,-7.40503120422363,5.60912609100342,2.15732359886169,-12.121693611145,-15.2955408096313,64.8850250244141,0.613525390625,-1.1572265625,-0.288330078125,0,NaN
852,255340201,NaN,NaN,NaN,NaN,-7.36903381347656,5.76005983352661,2.24665307998657,-17.5172500610352,-14.4664964675903,63.825740814209,0.593505859375,-1.163818359375,-0.299072265625,0,NaN
853,255356868,NaN,NaN,NaN,NaN,-7.31471872329712,5.86609840393066,2.42300820350647,-18.6650047302246,-13.7734527587891,62.9525146484375,0.57763671875,-1.169189453125,-0.306396484375,0,NaN
854,255373535,NaN,NaN,NaN,NaN,-7.16060924530029,5.99476337432861,2.38448143005371,-16.649938583374,-12.2481622695923,61.7542533874512,0.559814453125,-1.173583984375,-0.311279296875,0,NaN
855,255390202,NaN,NaN,NaN,NaN,-7.11381721496582,6.23242282867432,2.22300577163696,-14.7244024276733,-11.3600368499756,61.0648765563965,0.5478515625,-1.175048828125,-0.318115234375,0,NaN
856,255406869,NaN,NaN,NaN,NaN,-7.04261016845703,6.53643226623535,2.40728664398193,-14.1730432510376,-9.94095897674561,60.3898506164551,0.530029296875,-1.182861328125,-0.32373046875,0,NaN
857,255423536,NaN,NaN,NaN,NaN,-6.83936452865601,6.69690608978271,2.57758951187134,-16.0973720550537,-8.6155948638916,59.2888031005859,0.513427734375,-1.185302734375,-0.325439453125,0,NaN
858,255440203,NaN,NaN,NaN,NaN,-6.75140810012817,6.66797113418579,2.53492069244385,-17.4713478088379,-8.3972225189209,58.1379165649414,0.501708984375,-1.1875,-0.332275390625,0,NaN
859,255456870,NaN,NaN,NaN,NaN,-6.82382822036743,6.93804168701172,2.53542375564575,-14.272533416748,-8.42472362518311,57.1605567932129,0.48583984375,-1.189453125,-0.340087890625,0,NaN
860,255473537,NaN,NaN,NaN,NaN,-6.76006841659546,7.31898307800293,2.61465167999268,-13.2567281723022,-7.42626237869263,54.923397064209,0.47021484375,-1.192138671875,-0.343505859375,0,NaN
861,255490204,NaN,NaN,NaN,NaN,-6.64289140701294,7.39035129547119,2.61425423622131,-17.0696201324463,-5.9841194152832,51.9978218078613,0.458251953125,-1.196044921875,-0.351318359375,0,NaN
862,255506871,NaN,NaN,NaN,NaN,-6.54113626480103,7.28648614883423,2.65142488479614,-19.1857223510742,-5.78088331222534,49.8198547363281,0.44384765625,-1.1962890625,-0.35302734375,0,NaN
863,255523538,NaN,NaN,NaN,NaN,-6.51783990859985,7.43485164642334,2.70747542381287,-17.8786563873291,-6.41430616378784,48.1099472045898,0.43212890625,-1.19384765625,-0.358154296875,0,NaN
864,255540205,NaN,NaN,NaN,NaN,-6.54307889938354,7.65479278564453,2.82897853851318,-12.7741899490356,-6.33082675933838,46.517463684082,0.420166015625,-1.195556640625,-0.36328125,0,NaN
865,255556872,NaN,NaN,NaN,NaN,-6.3810601234436,7.74046802520752,2.77992820739746,-9.79318714141846,-5.93341255187988,45.1774826049805,0.408447265625,-1.1953125,-0.3671875,0,NaN
866,255573539,NaN,NaN,NaN,NaN,-6.34434366226196,7.74366092681885,2.72639632225037,-10.5129880905151,-6.22510957717896,43.642448425293,0.395751953125,-1.20068359375,-0.372314453125,0,NaN
867,255590206,NaN,NaN,NaN,NaN,-6.26377105712891,7.77904796600342,2.8748025894165,-8.78138446807861,-6.65477418899536,42.1469879150391,0.384765625,-1.20068359375,-0.376220703125,0,NaN
868,255606873,NaN,NaN,NaN,NaN,-6.16040706634521,7.73917722702026,2.95191717147827,-8.05234050750732,-6.39054107666016,40.1549682617188,0.376953125,-1.199951171875,-0.37890625,0,NaN
869,255623540,NaN,NaN,NaN,NaN,-5.9585542678833,7.72554063796997,2.87798738479614,-6.29493761062622,-6.75549459457397,38.3801116943359,0.3642578125,-1.199951171875,-0.380126953125,0,NaN
870,255640207,NaN,NaN,NaN,NaN,-5.87125015258789,7.85467720031738,2.93996977806091,-6.79630708694458,-7.13831472396851,36.9219970703125,0.3525390625,-1.20068359375,-0.380615234375,0,NaN
871,255656874,NaN,NaN,NaN,NaN,-5.79290437698364,7.78839635848999,2.98657655715942,-8.36719226837158,-7.56307697296143,36.1625099182129,0.34423828125,-1.201171875,-0.38623046875,0,NaN
872,255673541,NaN,NaN,NaN,NaN,-5.82783842086792,7.77543210983276,2.97302627563477,-8.26845455169678,-7.68481397628784,35.3219909667969,0.3359375,-1.202392578125,-0.386962890625,0,NaN
873,255690208,NaN,NaN,NaN,NaN,-5.63147592544556,7.73741149902344,2.92341566085815,-6.6027979850769,-7.42472553253174,34.1193809509277,0.328857421875,-1.200439453125,-0.392578125,0,NaN
874,255706875,NaN,NaN,NaN,NaN,-5.52756547927856,7.71376895904541,2.9092059135437,-7.79146003723145,-7.30330514907837,32.9799194335938,0.316162109375,-1.2021484375,-0.39306640625,0,NaN
875,255723542,NaN,NaN,NaN,NaN,-5.55290937423706,7.69313669204712,2.89002537727356,-8.14514636993408,-7.91752624511719,32.4108772277832,0.306640625,-1.2001953125,-0.397705078125,0,NaN
876,255740209,NaN,NaN,NaN,NaN,-5.45696783065796,7.70403242111206,2.98635673522949,-3.68561100959778,-8.25257778167725,32.1633110046387,0.298583984375,-1.198486328125,-0.401123046875,0,NaN
877,255756876,NaN,NaN,NaN,NaN,-5.23882865905762,7.80228090286255,2.95031261444092,-1.45979475975037,-8.10982418060303,31.4148750305176,0.288330078125,-1.2021484375,-0.396484375,0,NaN
878,255773543,NaN,NaN,NaN,NaN,-5.09345865249634,7.79972982406616,2.87440633773804,-4.9853572845459,-8.64711666107178,30.7177448272705,0.28076171875,-1.20166015625,-0.39892578125,0,NaN
879,255790210,NaN,NaN,NaN,NaN,-5.16075277328491,7.86687040328979,2.91496753692627,-9.28493976593018,-9.52270317077637,30.0746726989746,0.2724609375,-1.20263671875,-0.405029296875,0,NaN
880,255806877,NaN,NaN,NaN,NaN,-5.14550018310547,7.84530401229858,3.02496886253357,-9.3040714263916,-10.282301902771,29.5699443817139,0.263671875,-1.19921875,-0.411865234375,0,NaN
881,255823544,NaN,NaN,NaN,NaN,-5.02997732162476,7.77931976318359,3.05956482887268,-6.54771137237549,-11.4145135879517,29.448600769043,0.252685546875,-1.197998046875,-0.411865234375,0,NaN
882,255840211,NaN,NaN,NaN,NaN,-4.82853889465332,7.80590009689331,2.95252728462219,-4.74697828292847,-12.1856756210327,29.1960468292236,0.24365234375,-1.199951171875,-0.41357421875,0,NaN
883,255856878,NaN,NaN,NaN,NaN,-4.80027341842651,7.91577672958374,2.89247989654541,-6.8406195640564,-12.8896560668945,28.6751041412354,0.2353515625,-1.19775390625,-0.415283203125,0,NaN
884,255873545,NaN,NaN,NaN,NaN,-4.82726716995239,7.96251583099365,3.06518173217773,-8.86059665679932,-13.3147249221802,28.122278213501,0.2255859375,-1.196533203125,-0.41845703125,0,NaN
885,255890212,NaN,NaN,NaN,NaN,-4.82769107818604,7.87011003494263,3.22161173820496,-8.13102436065674,-13.8652296066284,28.3040256500244,0.215576171875,-1.1923828125,-0.419189453125,0,NaN
886,255906879,NaN,NaN,NaN,NaN,-4.67669534683228,7.78819751739502,3.19060468673706,-4.23141813278198,-14.5813407897949,28.4594058990479,0.207763671875,-1.193359375,-0.422607421875,0,NaN
887,255923546,NaN,NaN,NaN,NaN,-4.61044216156006,7.8583517074585,3.1675169467926,0.512294352054596,-15.479790687561,29.3233852386475,0.1982421875,-1.192626953125,-0.422119140625,0,NaN
888,255940213,NaN,NaN,NaN,NaN,-4.39922285079956,7.93387746810913,3.31305956840515,2.69590163230896,-16.366361618042,29.9452648162842,0.186767578125,-1.1943359375,-0.423828125,0,NaN
889,255956880,NaN,NaN,NaN,NaN,-4.28758525848389,8.04691982269287,3.41914391517639,-0.532509446144104,-16.7941436767578,30.3645172119141,0.17724609375,-1.19189453125,-0.42529296875,0,NaN
890,255973547,NaN,NaN,NaN,NaN,-4.22674989700317,8.09493446350098,3.4574511051178,-4.00651550292969,-17.58473777771,30.4150314331055,0.166259765625,-1.194091796875,-0.426513671875,0,NaN
891,255990214,NaN,NaN,NaN,NaN,-4.18261575698853,8.19796276092529,3.48411893844604,-6.92358589172363,-18.0074806213379,30.0503768920898,0.15625,-1.191162109375,-0.429931640625,0,NaN
892,256006881,NaN,NaN,NaN,NaN,-4.08653354644775,8.23319816589355,3.53386235237122,-8.99763202667236,-17.6459503173828,29.1006565093994,0.1474609375,-1.188720703125,-0.43115234375,0,NaN
893,256023548,NaN,NaN,NaN,NaN,-3.92706799507141,8.23994541168213,3.53986787796021,-10.1532297134399,-17.4863033294678,28.1764297485352,0.13525390625,-1.18408203125,-0.435546875,0,NaN
894,256040215,NaN,NaN,NaN,NaN,-3.84206390380859,8.26351928710938,3.62410974502563,-11.1786251068115,-17.2451839447021,27.3475456237793,0.126953125,-1.18798828125,-0.43505859375,0,NaN
895,256056882,NaN,NaN,NaN,NaN,-3.81571173667908,8.3159294128418,3.6522171497345,-11.7257986068726,-16.7637348175049,26.9630966186523,0.11767578125,-1.18212890625,-0.439697265625,0,NaN
896,256073549,NaN,NaN,NaN,NaN,-3.6190938949585,8.3208532333374,3.67894172668457,-12.9723787307739,-16.4325294494629,26.4437599182129,0.10888671875,-1.179931640625,-0.443603515625,0,NaN
897,256090216,NaN,NaN,NaN,NaN,-3.63899707794189,8.23463535308838,3.65657949447632,-15.049859046936,-16.5325336456299,26.3585720062256,0.098388671875,-1.1748046875,-0.44970703125,0,NaN
898,256106883,NaN,NaN,NaN,NaN,-3.70218062400818,8.32826137542725,3.80505895614624,-12.4846429824829,-17.135684967041,26.9640941619873,0.090087890625,-1.16796875,-0.45361328125,0,NaN
899,256123550,NaN,NaN,NaN,NaN,-3.56968331336975,8.45445919036865,3.90911030769348,-9.76491069793701,-16.4849033355713,27.0488834381104,0.080078125,-1.16552734375,-0.45361328125,0,NaN
900,256140217,NaN,NaN,NaN,NaN,-3.36110615730286,8.46550941467285,3.95959067344666,-11.8987016677856,-16.1244297027588,26.7481117248535,0.07080078125,-1.1630859375,-0.454833984375,0,NaN
901,256156884,NaN,NaN,NaN,NaN,-3.17796301841736,8.44899559020996,4.04619646072388,-16.9355926513672,-16.2243766784668,25.9938774108887,0.060302734375,-1.1591796875,-0.457763671875,0,NaN
902,256173551,NaN,NaN,NaN,NaN,-3.27719593048096,8.52938556671143,4.08673238754272,-20.4801826477051,-16.2525310516357,25.4500617980957,0.052001953125,-1.1552734375,-0.466796875,0,NaN
903,256190218,NaN,NaN,NaN,NaN,-3.30019545555115,8.5648021697998,4.13446187973022,-21.7568187713623,-15.376615524292,24.1089401245117,0.0439453125,-1.14794921875,-0.472412109375,0,NaN
904,256206885,NaN,NaN,NaN,NaN,-3.13402056694031,8.44238758087158,4.20101594924927,-21.2326889038086,-14.2481279373169,22.5148468017578,0.037353515625,-1.140380859375,-0.474609375,0,NaN
905,256223552,NaN,NaN,NaN,NaN,-3.10114526748657,8.62035179138184,4.24158668518066,-24.1908721923828,-14.0322418212891,21.0282325744629,0.0302734375,-1.134765625,-0.4814453125,0,NaN
906,256240219,NaN,NaN,NaN,NaN,-3.04776835441589,8.71748161315918,4.406409740448,-29.6858253479004,-12.7732124328613,19.9343605041504,0.02099609375,-1.129638671875,-0.487060546875,0,NaN
907,256256886,NaN,NaN,NaN,NaN,-3.08168601989746,8.57457542419434,4.53936052322388,-31.5022602081299,-12.5809564590454,19.767068862915,0.013427734375,-1.121337890625,-0.49267578125,0,NaN
908,256273553,NaN,NaN,NaN,NaN,-2.98601031303406,8.37123012542725,4.58728218078613,-25.58274269104,-12.9549503326416,19.6069469451904,0.0107421875,-1.113037109375,-0.498779296875,0,NaN
909,256290220,NaN,NaN,NaN,NaN,-2.86427354812622,8.32201862335205,4.60246753692627,-17.2238445281982,-13.4980430603027,19.3151187896729,0.00244140625,-1.106689453125,-0.502197265625,0,NaN
910,256306887,NaN,NaN,NaN,NaN,-2.84579038619995,8.45769500732422,4.61823081970215,-13.4195709228516,-13.9033975601196,19.101167678833,-0.005126953125,-1.1015625,-0.5078125,0,NaN
911,256323554,NaN,NaN,NaN,NaN,-2.78455901145935,8.50551605224609,4.7400951385498,-12.0512456893921,-14.3090496063232,19.2582607269287,-0.009033203125,-1.09765625,-0.509033203125,0,NaN
912,256340221,NaN,NaN,NaN,NaN,-2.78915357589722,8.61689281463623,4.81032371520996,-13.2119359970093,-14.3702230453491,18.7826061248779,-0.018310546875,-1.09423828125,-0.510009765625,0,NaN
913,256356888,NaN,NaN,NaN,NaN,-2.75849318504333,8.42803573608398,4.78765726089478,-13.6356792449951,-14.0055894851685,18.0914459228516,-0.025390625,-1.08740234375,-0.5146484375,0,NaN
914,256373555,NaN,NaN,NaN,NaN,-2.67209839820862,8.246826171875,4.75623559951782,-10.3439102172852,-14.53600025177,17.824275970459,-0.0322265625,-1.086669921875,-0.5146484375,0,NaN
915,256390222,NaN,NaN,NaN,NaN,-2.63159561157227,8.31448841094971,4.81531810760498,-5.09745693206787,-15.4299116134644,18.5146675109863,-0.039794921875,-1.08447265625,-0.516845703125,0,NaN
916,256406889,NaN,NaN,NaN,NaN,-2.58360385894775,8.49290752410889,4.81484270095825,-1.8991219997406,-15.7578134536743,19.4305610656738,-0.04541015625,-1.080322265625,-0.519287109375,0,NaN
917,256423556,NaN,NaN,NaN,NaN,-2.62285327911377,8.50889015197754,4.77148199081421,-0.40381708741188,-15.1863470077515,19.854211807251,-0.05322265625,-1.080322265625,-0.516845703125,0,NaN
918,256440223,NaN,NaN,NaN,NaN,-2.56575298309326,8.41004085540771,4.70147228240967,0.732806444168091,-14.6299600601196,19.4356994628906,-0.06201171875,-1.07666015625,-0.516357421875,0,NaN
919,256456890,NaN,NaN,NaN,NaN,-2.43061113357544,8.41273784637451,4.77184534072876,1.78031647205353,-14.4022569656372,18.6083908081055,-0.0654296875,-1.07666015625,-0.513671875,0,NaN
920,256473557,NaN,NaN,NaN,NaN,-2.44024181365967,8.62612915039062,4.89307355880737,0.389697909355164,-14.1248207092285,17.8373832702637,-0.07275390625,-1.07666015625,-0.51416015625,0,NaN
921,256490224,NaN,NaN,NaN,NaN,-2.50374126434326,8.66679286956787,4.92290878295898,-0.463795512914658,-14.2028684616089,17.5315074920654,-0.078857421875,-1.07470703125,-0.515380859375,0,NaN
922,256506891,NaN,NaN,NaN,NaN,-2.35806083679199,8.52172756195068,4.81171798706055,-0.652215659618378,-13.9552822113037,17.0231075286865,-0.08935546875,-1.0712890625,-0.514892578125,0,NaN
923,256523558,NaN,NaN,NaN,NaN,-2.24830365180969,8.31978130340576,4.77031707763672,1.08375823497772,-13.7676944732666,16.843957901001,-0.095458984375,-1.070068359375,-0.515869140625,0,NaN
924,256540225,NaN,NaN,NaN,NaN,-2.20604181289673,8.32616138458252,4.76910638809204,3.44549059867859,-13.5262365341187,16.9052562713623,-0.100341796875,-1.07177734375,-0.51416015625,0,NaN
925,256556892,NaN,NaN,NaN,NaN,-2.23675751686096,8.42895984649658,4.80255317687988,5.4535174369812,-13.1359519958496,17.4440498352051,-0.107177734375,-1.06982421875,-0.51025390625,0,NaN
926,256573559,NaN,NaN,NaN,NaN,-2.07513761520386,8.41367816925049,4.84063339233398,6.55366230010986,-12.3883295059204,18.1902484893799,-0.112060546875,-1.068115234375,-0.51025390625,0,NaN
927,256590226,NaN,NaN,NaN,NaN,-1.91543233394623,8.32598972320557,4.85231113433838,6.58971166610718,-12.2751331329346,18.7785110473633,-0.118896484375,-1.0673828125,-0.507080078125,0,NaN
928,256606893,NaN,NaN,NaN,NaN,-1.88237690925598,8.31727600097656,4.84917545318604,7.01688241958618,-12.3888940811157,19.2991943359375,-0.12548828125,-1.069091796875,-0.50634765625,0,NaN
929,256623560,NaN,NaN,NaN,NaN,-1.87241768836975,8.50202941894531,4.89546060562134,8.46552658081055,-11.6663837432861,19.7044410705566,-0.12890625,-1.068359375,-0.5048828125,0,NaN
930,256640227,NaN,NaN,NaN,NaN,-1.81130683422089,8.66309547424316,4.9239239692688,7.03972816467285,-10.884129524231,19.3886432647705,-0.138916015625,-1.0693359375,-0.502685546875,0,NaN
931,256656894,NaN,NaN,NaN,NaN,-1.71708405017853,8.68100261688232,4.91236305236816,3.24632453918457,-10.5026750564575,18.3231449127197,-0.14306640625,-1.068603515625,-0.499755859375,0,NaN
932,256673561,NaN,NaN,NaN,NaN,-1.71985864639282,8.70082187652588,4.98097133636475,1.79608023166656,-10.4242362976074,17.4586887359619,-0.1513671875,-1.06689453125,-0.499267578125,0,NaN
933,256690228,NaN,NaN,NaN,NaN,-1.61751747131348,8.82223701477051,5.06361961364746,2.51047086715698,-10.2254810333252,16.609001159668,-0.154541015625,-1.065673828125,-0.498779296875,0,NaN
934,256706895,NaN,NaN,NaN,NaN,-1.63422417640686,8.93988990783691,5.06238842010498,3.23276209831238,-9.57517242431641,15.9861736297607,-0.161376953125,-1.06103515625,-0.494873046875,0,NaN
935,256723562,NaN,NaN,NaN,NaN,-1.70456480979919,9.00538730621338,5.07975006103516,3.90430212020874,-9.42172622680664,15.7738952636719,-0.162353515625,-1.063232421875,-0.49755859375,0,NaN
936,256740229,NaN,NaN,NaN,NaN,-1.65620470046997,9.06949901580811,5.13980770111084,4.67224788665771,-8.99609184265137,14.838809967041,-0.16796875,-1.06201171875,-0.49658203125,0,NaN
937,256756896,NaN,NaN,NaN,NaN,-1.63668489456177,9.13998317718506,5.14901065826416,5.51100063323975,-8.15741634368896,13.6061334609985,-0.17578125,-1.06201171875,-0.4931640625,0,NaN
938,256773563,NaN,NaN,NaN,NaN,-1.68035984039307,9.23454475402832,5.16776514053345,5.12733364105225,-7.67986488342285,11.5443048477173,-0.18017578125,-1.0625,-0.494873046875,0,NaN
939,256790230,NaN,NaN,NaN,NaN,-1.7682021856308,9.38066673278809,5.20717477798462,5.32224464416504,-6.55431175231934,9.58645439147949,-0.1826171875,-1.06298828125,-0.491943359375,0,NaN
940,256806897,NaN,NaN,NaN,NaN,-1.64903712272644,9.41851806640625,5.334641456604,7.60755205154419,-6.14003944396973,7.69373846054077,-0.185302734375,-1.0634765625,-0.48974609375,0,NaN
941,256823564,NaN,NaN,NaN,NaN,-1.43160450458527,9.37005043029785,5.28181600570679,9.20835971832275,-5.22616529464722,5.23715925216675,-0.184814453125,-1.06396484375,-0.487548828125,0,NaN
942,256840231,NaN,NaN,NaN,NaN,-1.36439156532288,9.42078590393066,5.25936031341553,8.55678367614746,-4.15168571472168,3.19683742523193,-0.18701171875,-1.064453125,-0.484619140625,0,NaN
943,256856898,NaN,NaN,NaN,NaN,-1.28976345062256,9.33468055725098,5.27560997009277,7.0488338470459,-2.80142164230347,1.54703283309937,-0.18603515625,-1.069091796875,-0.486328125,0,NaN
944,256873565,NaN,NaN,NaN,NaN,-1.20208895206451,9.16525650024414,5.19875335693359,4.15198516845703,-0.898499846458435,-0.179333716630936,-0.187744140625,-1.067138671875,-0.483642578125,0,NaN
945,256890232,NaN,NaN,NaN,NaN,-1.18005394935608,8.97443962097168,5.01564407348633,1.79830622673035,1.31476390361786,-1.77228999137878,-0.187255859375,-1.067138671875,-0.483154296875,0,NaN
946,256906899,NaN,NaN,NaN,NaN,-1.19239699840546,8.80685806274414,4.8984956741333,2.49208378791809,3.7066125869751,-2.86184811592102,-0.187255859375,-1.06884765625,-0.483154296875,0,NaN
947,256923566,NaN,NaN,NaN,NaN,-1.18313300609589,8.64591598510742,4.84182024002075,3.87042546272278,5.73173904418945,-3.58234000205994,-0.1826171875,-1.069580078125,-0.484130859375,0,NaN
948,256940233,NaN,NaN,NaN,NaN,-1.13752472400665,8.59260177612305,4.8635516166687,3.95401287078857,7.03808975219727,-3.98288488388062,-0.181640625,-1.07177734375,-0.484130859375,0,NaN
949,256956900,NaN,NaN,NaN,NaN,-1.12936687469482,8.55014133453369,4.84358978271484,1.26729118824005,7.53495121002197,-4.06653594970703,-0.17724609375,-1.073486328125,-0.480224609375,0,NaN
950,256973567,NaN,NaN,NaN,NaN,-1.17400646209717,8.41119956970215,4.70254373550415,-1.54687941074371,7.7465181350708,-3.53582096099854,-0.177734375,-1.072998046875,-0.480224609375,0,NaN
951,256990234,NaN,NaN,NaN,NaN,-1.25885188579559,8.30781078338623,4.54595041275024,-1.27930986881256,7.69194459915161,-2.64299440383911,-0.172607421875,-1.07421875,-0.4853515625,0,NaN
952,257006901,NaN,NaN,NaN,NaN,-1.31668329238892,8.32905006408691,4.46312141418457,0.525790393352509,7.89777946472168,-1.875368475914,-0.171630859375,-1.072021484375,-0.48583984375,0,NaN
953,257023568,NaN,NaN,NaN,NaN,-1.30034184455872,8.34265327453613,4.46518802642822,2.14642143249512,7.85946273803711,-0.79114443063736,-0.167236328125,-1.0732421875,-0.483642578125,0,NaN
954,257040235,NaN,NaN,NaN,NaN,-1.26509356498718,8.38935375213623,4.4661808013916,2.04472613334656,7.51626539230347,0.26012259721756,-0.166015625,-1.071533203125,-0.486328125,0,NaN
955,257056902,NaN,NaN,NaN,NaN,-1.29027307033539,8.40054035186768,4.40202856063843,1.40433168411255,7.58725070953369,0.83798360824585,-0.166015625,-1.0732421875,-0.485107421875,0,NaN
956,257073569,NaN,NaN,NaN,NaN,-1.31330537796021,8.41626453399658,4.33867502212524,1.73993504047394,7.33271169662476,1.2042453289032,-0.163818359375,-1.071533203125,-0.484130859375,0,NaN
957,257090236,NaN,NaN,NaN,NaN,-1.38012075424194,8.47688007354736,4.45133066177368,2.55236983299255,6.66183805465698,1.33624029159546,-0.163818359375,-1.0732421875,-0.48681640625,0,NaN
958,257106903,NaN,NaN,NaN,NaN,-1.35755956172943,8.51479530334473,4.54804944992065,0.908572137355804,5.94103240966797,1.02425181865692,-0.159912109375,-1.0732421875,-0.488037109375,0,NaN
959,257123570,NaN,NaN,NaN,NaN,-1.35375356674194,8.51637077331543,4.53984355926514,-1.39090418815613,4.90284776687622,1.06519389152527,-0.15869140625,-1.07568359375,-0.490234375,0,NaN
960,257140237,NaN,NaN,NaN,NaN,-1.3952077627182,8.53725147247314,4.54986810684204,-3.06744766235352,4.17639493942261,1.24589157104492,-0.157470703125,-1.071044921875,-0.491455078125,0,NaN
961,257156904,NaN,NaN,NaN,NaN,-1.39102470874786,8.55881500244141,4.57623624801636,-2.08303618431091,3.63894987106323,1.25221788883209,-0.1552734375,-1.07177734375,-0.49072265625,0,NaN
962,257173571,NaN,NaN,NaN,NaN,-1.35784840583801,8.58754920959473,4.56200170516968,-0.293630421161652,3.59722757339478,1.20620465278625,-0.156494140625,-1.069580078125,-0.49072265625,0,NaN
963,257190238,NaN,NaN,NaN,NaN,-1.24922680854797,8.61249732971191,4.55374050140381,-0.082914724946022,3.60938024520874,1.18557345867157,-0.156005859375,-1.072265625,-0.491455078125,0,NaN
964,257206905,NaN,NaN,NaN,NaN,-1.23898923397064,8.66548728942871,4.58690595626831,-2.11243295669556,3.70050382614136,1.05322623252869,-0.152099609375,-1.070556640625,-0.491455078125,0,NaN
965,257223572,NaN,NaN,NaN,NaN,-1.27094781398773,8.59852313995361,4.61892461776733,-4.22129964828491,3.49606919288635,1.22236609458923,-0.153076171875,-1.070068359375,-0.4931640625,0,NaN
966,257240239,NaN,NaN,NaN,NaN,-1.28044354915619,8.56448936462402,4.5720329284668,-4.02367258071899,3.11889719963074,1.344282746315,-0.15185546875,-1.0673828125,-0.49365234375,0,NaN
967,257256906,NaN,NaN,NaN,NaN,-1.32149159908295,8.6208667755127,4.51919507980347,-2.15972089767456,2.93803334236145,1.1484352350235,-0.149658203125,-1.064697265625,-0.495849609375,0,NaN
968,257273573,NaN,NaN,NaN,NaN,-1.26875972747803,8.7067985534668,4.57263517379761,-1.96624195575714,2.93042612075806,1.0899612903595,-0.15087890625,-1.066162109375,-0.495361328125,0,NaN
969,257290240,NaN,NaN,NaN,NaN,-1.25677633285522,8.68336868286133,4.56695795059204,-3.02705597877502,2.7346932888031,1.23742640018463,-0.149169921875,-1.065185546875,-0.4970703125,0,NaN
970,257306907,NaN,NaN,NaN,NaN,-1.23627984523773,8.6535005569458,4.54159784317017,-3.13844561576843,2.7354109287262,1.28519415855408,-0.149658203125,-1.064697265625,-0.498779296875,0,NaN
971,257323574,NaN,NaN,NaN,NaN,-1.24600756168365,8.65799427032471,4.54411935806274,-1.94952344894409,2.56806373596191,1.47455489635468,-0.14794921875,-1.06298828125,-0.499755859375,0,NaN
972,257340241,NaN,NaN,NaN,NaN,-1.30044102668762,8.6314811706543,4.51817035675049,-2.2025191783905,2.43580627441406,1.13925278186798,-0.14892578125,-1.060791015625,-0.500244140625,0,NaN
973,257356908,NaN,NaN,NaN,NaN,-1.3017510175705,8.59098148345947,4.52787828445435,-0.276162534952164,2.18989849090576,1.06217133998871,-0.147216796875,-1.061279296875,-0.50146484375,0,NaN
974,257373575,NaN,NaN,NaN,NaN,-1.33635854721069,8.56259822845459,4.61592245101929,1.09350860118866,1.9957799911499,1.07136654853821,-0.145751953125,-1.060302734375,-0.50146484375,0,NaN
975,257390242,NaN,NaN,NaN,NaN,-1.32484936714172,8.61814117431641,4.61323356628418,1.29408168792725,1.40355026721954,1.17053878307343,-0.146728515625,-1.0625,-0.5009765625,0,NaN
976,257406909,NaN,NaN,NaN,NaN,-1.34224116802216,8.64233684539795,4.67537212371826,0.635924875736237,0.54451322555542,1.2917891740799,-0.14501953125,-1.060791015625,-0.503173828125,0,NaN
977,257423576,NaN,NaN,NaN,NaN,-1.38143539428711,8.60001659393311,4.70328712463379,0.14471173286438,0.0428116284310818,1.13154339790344,-0.146240234375,-1.06201171875,-0.501953125,0,NaN
978,257440243,NaN,NaN,NaN,NaN,-1.42246294021606,8.58810234069824,4.63858556747437,0.759711146354675,-0.514014899730682,1.04529273509979,-0.147216796875,-1.061279296875,-0.502685546875,0,NaN
979,257456910,NaN,NaN,NaN,NaN,-1.45019280910492,8.56105613708496,4.65493679046631,2.44292640686035,-0.769078969955444,0.766626536846161,-0.147216796875,-1.060791015625,-0.501953125,0,NaN
980,257473577,NaN,NaN,NaN,NaN,-1.49537253379822,8.63790035247803,4.7034854888916,2.73486018180847,-0.867367684841156,1.22990906238556,-0.146728515625,-1.06201171875,-0.5009765625,0,NaN
981,257490244,NaN,NaN,NaN,NaN,-1.502605676651,8.66340827941895,4.73912334442139,3.31649899482727,-1.01730453968048,1.42643535137177,-0.146728515625,-1.06298828125,-0.501953125,0,NaN
982,257506911,NaN,NaN,NaN,NaN,-1.4917049407959,8.62317371368408,4.72483491897583,3.52771472930908,-1.00343525409698,1.12674129009247,-0.1474609375,-1.061767578125,-0.499267578125,0,NaN
983,257523578,NaN,NaN,NaN,NaN,-1.4919193983078,8.61278820037842,4.80049800872803,2.88493776321411,-0.805730760097504,0.428141921758652,-0.146728515625,-1.065185546875,-0.50146484375,0,NaN
984,257540245,NaN,NaN,NaN,NaN,-1.5808892250061,8.57201671600342,4.80355262756348,3.10837626457214,-1.40909540653229,0.349722176790237,-0.14501953125,-1.064208984375,-0.5009765625,0,NaN
985,257556912,NaN,NaN,NaN,NaN,-1.61312711238861,8.67267417907715,4.80887794494629,2.51993107795715,-1.85016572475433,0.182900294661522,-0.1484375,-1.064208984375,-0.5009765625,0,NaN
986,257573579,NaN,NaN,NaN,NaN,-1.56964802742004,8.67739391326904,4.81093597412109,2.74374747276306,-1.62308311462402,0.00440538441762328,-0.146728515625,-1.065185546875,-0.499267578125,0,NaN
987,257590246,NaN,NaN,NaN,NaN,-1.49071109294891,8.57557582855225,4.81895399093628,1.99389743804932,-1.34663248062134,-0.0598632805049419,-0.1474609375,-1.065673828125,-0.499267578125,0,NaN
988,257606913,NaN,NaN,NaN,NaN,-1.48330044746399,8.51129817962646,4.82062244415283,2.48161435127258,-0.752494633197784,-0.114572010934353,-0.146240234375,-1.064208984375,-0.498046875,0,NaN
989,257623580,NaN,NaN,NaN,NaN,-1.52213704586029,8.57666110992432,4.81327962875366,2.48769736289978,-1.00164222717285,-0.350490570068359,-0.1474609375,-1.065673828125,-0.49755859375,0,NaN
990,257640247,NaN,NaN,NaN,NaN,-1.50147879123688,8.53089618682861,4.82392597198486,3.41475534439087,-0.766626477241516,-0.0281355511397123,-0.14697265625,-1.064697265625,-0.4970703125,0,NaN
991,257656914,NaN,NaN,NaN,NaN,-1.48079371452332,8.52971649169922,4.86300325393677,4.69291305541992,-0.119195111095905,-0.105300217866898,-0.146240234375,-1.06640625,-0.49755859375,0,NaN
992,257673581,NaN,NaN,NaN,NaN,-1.46643900871277,8.56604862213135,4.89249849319458,4.76149082183838,0.176561161875725,-0.201142966747284,-0.1474609375,-1.069091796875,-0.49755859375,0,NaN
993,257690248,NaN,NaN,NaN,NaN,-1.47705030441284,8.56742858886719,4.82285785675049,2.68263578414917,0.634119272232056,-0.106299117207527,-0.148681640625,-1.0712890625,-0.498046875,0,NaN
994,257706915,NaN,NaN,NaN,NaN,-1.49409437179565,8.5042085647583,4.76640510559082,2.33284330368042,0.362688660621643,0.116320081055164,-0.14697265625,-1.069580078125,-0.498046875,0,NaN
995,257723582,NaN,NaN,NaN,NaN,-1.50040090084076,8.48699188232422,4.81029367446899,4.07337951660156,0.233395710587502,-0.0556627959012985,-0.145751953125,-1.0673828125,-0.4970703125,0,NaN
996,257740249,NaN,NaN,NaN,NaN,-1.47455608844757,8.61372375488281,4.76771640777588,4.54716396331787,0.252822995185852,-0.106670506298542,-0.141845703125,-1.07080078125,-0.495849609375,0,NaN
997,257756916,NaN,NaN,NaN,NaN,-1.41924810409546,8.61239147186279,4.70626640319824,3.56010150909424,0.26188987493515,-0.151313424110413,-0.14697265625,-1.0703125,-0.494140625,0,NaN
998,257773583,NaN,NaN,NaN,NaN,-1.43842947483063,8.55240345001221,4.72736310958862,2.68583726882935,0.663202404975891,-0.192191287875175,-0.144287109375,-1.072021484375,-0.49462890625,0,NaN
999,257790250,NaN,NaN,NaN,NaN,-1.47414875030518,8.55297374725342,4.68129587173462,2.49655914306641,0.523395478725433,-0.0884854644536972,-0.14306640625,-1.0703125,-0.495849609375,0,NaN
1000,257806917,NaN,NaN,NaN,NaN,-1.48386895656586,8.53238391876221,4.69924259185791,3.47347927093506,0.703440070152283,-0.299687832593918,-0.14599609375,-1.07177734375,-0.489013671875,0,NaN
1001,257823584,NaN,NaN,NaN,NaN,-1.44530880451202,8.5419282913208,4.67305469512939,3.17701840400696,0.485892087221146,-0.469135016202927,-0.144287109375,-1.072509765625,-0.49365234375,0,NaN
1002,257840251,NaN,NaN,NaN,NaN,-1.43588960170746,8.58954048156738,4.65761613845825,2.21707391738892,0.258163213729858,-0.50627988576889,-0.140380859375,-1.07373046875,-0.49072265625,0,NaN
1003,257856918,NaN,NaN,NaN,NaN,-1.40141105651855,8.56687545776367,4.63621616363525,1.20565378665924,0.034180149435997,-0.615774154663086,-0.142578125,-1.07470703125,-0.491455078125,0,NaN
1004,257873585,NaN,NaN,NaN,NaN,-1.43863248825073,8.55643367767334,4.58379650115967,1.49914979934692,-0.00861227139830589,-0.788122057914734,-0.142578125,-1.07470703125,-0.492919921875,0,NaN
1005,257890252,NaN,NaN,NaN,NaN,-1.41199374198914,8.50164699554443,4.58654499053955,2.48142242431641,-0.784472167491913,-0.787596940994263,-0.14306640625,-1.07763671875,-0.492431640625,0,NaN
1006,257906919,NaN,NaN,NaN,NaN,-1.43095636367798,8.55826091766357,4.56933116912842,2.75732231140137,-1.84508109092712,-0.578930199146271,-0.144287109375,-1.075927734375,-0.49365234375,0,NaN
1007,257923586,NaN,NaN,NaN,NaN,-1.41093027591705,8.60573768615723,4.59950113296509,2.7590000629425,-2.07674837112427,-0.891610145568848,-0.144287109375,-1.075927734375,-0.49072265625,0,NaN
1008,257940253,NaN,NaN,NaN,NaN,-1.40978360176086,8.573561668396,4.60477018356323,2.147292137146,-2.50334048271179,-1.07768642902374,-0.142578125,-1.076904296875,-0.488525390625,0,NaN
1009,257956920,NaN,NaN,NaN,NaN,-1.47271299362183,8.50452136993408,4.56288194656372,3.31409096717834,-3.35053157806396,-1.11555469036102,-0.143310546875,-1.078125,-0.48974609375,0,NaN
1010,257973587,NaN,NaN,NaN,NaN,-1.48261880874634,8.58058929443359,4.58396148681641,3.41460847854614,-4.01586008071899,-1.4448573589325,-0.142578125,-1.078125,-0.488525390625,0,NaN
1011,257990254,NaN,NaN,NaN,NaN,-1.50994288921356,8.57849884033203,4.61979913711548,2.73077487945557,-4.59302997589111,-1.61579656600952,-0.142578125,-1.078125,-0.48974609375,0,NaN
1012,258006921,NaN,NaN,NaN,NaN,-1.50168144702911,8.50300407409668,4.61476516723633,3.02525758743286,-5.37619018554688,-1.79180729389191,-0.144287109375,-1.079833984375,-0.48974609375,0,NaN
1013,258023588,NaN,NaN,NaN,NaN,-1.50139331817627,8.46106147766113,4.63793611526489,4.21010065078735,-5.6856164932251,-2.06016397476196,-0.142822265625,-1.081298828125,-0.485107421875,0,NaN
1014,258040255,NaN,NaN,NaN,NaN,-1.60705280303955,8.45702838897705,4.65924215316772,5.31572437286377,-6.34610414505005,-2.04356694221497,-0.1455078125,-1.080810546875,-0.484619140625,0,NaN
1015,258056922,NaN,NaN,NaN,NaN,-1.63717257976532,8.48493099212646,4.70455551147461,6.61471223831177,-6.76859951019287,-2.01981163024902,-0.146728515625,-1.080810546875,-0.48291015625,0,NaN
1016,258073589,NaN,NaN,NaN,NaN,-1.65823090076447,8.43847751617432,4.79478216171265,6.99494552612305,-6.7609543800354,-2.08841514587402,-0.14501953125,-1.084716796875,-0.481201171875,0,NaN
1017,258090256,NaN,NaN,NaN,NaN,-1.71435678005219,8.43155860900879,4.8248405456543,6.85854625701904,-7.07204818725586,-1.95078575611115,-0.149658203125,-1.0869140625,-0.4794921875,0,NaN
1018,258106923,NaN,NaN,NaN,NaN,-1.73748815059662,8.44523048400879,4.8911247253418,7.35346031188965,-7.25928926467896,-2.32975125312805,-0.147216796875,-1.0869140625,-0.480224609375,0,NaN
1019,258123590,NaN,NaN,NaN,NaN,-1.62090873718262,8.45301532745361,5.00126028060913,7.04204702377319,-7.3812427520752,-2.66368961334229,-0.14794921875,-1.089599609375,-0.477294921875,0,NaN
1020,258140257,NaN,NaN,NaN,NaN,-1.50839376449585,8.39935398101807,5.05706739425659,6.0150671005249,-7.55707406997681,-3.09833717346191,-0.1484375,-1.089111328125,-0.47607421875,0,NaN
1021,258156924,NaN,NaN,NaN,NaN,-1.35568046569824,8.46280193328857,5.04315996170044,4.24291086196899,-7.80620813369751,-3.47205185890198,-0.153564453125,-1.091796875,-0.474609375,0,NaN
1022,258173591,NaN,NaN,NaN,NaN,-1.26733267307281,8.46844577789307,5.03972196578979,1.14995920658112,-7.57393884658813,-3.70279669761658,-0.1513671875,-1.093505859375,-0.473876953125,0,NaN
1023,258190258,NaN,NaN,NaN,NaN,-1.30428266525269,8.43793106079102,4.99115371704102,-0.904224634170532,-7.29743814468384,-3.86915183067322,-0.153076171875,-1.091796875,-0.4716796875,0,NaN
1024,258206925,NaN,NaN,NaN,NaN,-1.29649865627289,8.40797519683838,4.93351745605469,-1.07319140434265,-6.50546646118164,-3.912846326828,-0.15234375,-1.090087890625,-0.474609375,0,NaN
1025,258223592,NaN,NaN,NaN,NaN,-1.28202176094055,8.41380310058594,4.86226606369019,-0.591736674308777,-5.04841041564941,-4.01051998138428,-0.150390625,-1.09130859375,-0.47216796875,0,NaN
1026,258240259,NaN,NaN,NaN,NaN,-1.26948976516724,8.41100215911865,4.88163137435913,0.0802317932248116,-3.90607166290283,-4.00702381134033,-0.149658203125,-1.09130859375,-0.472900390625,0,NaN
1027,258256926,NaN,NaN,NaN,NaN,-1.31692969799042,8.41631698608398,4.88381576538086,-0.943629503250122,-3.35802364349365,-3.96453261375427,-0.156982421875,-1.09228515625,-0.473388671875,0,NaN
1028,258273593,NaN,NaN,NaN,NaN,-1.35027134418488,8.45143890380859,4.78617382049561,-3.18757152557373,-2.53840446472168,-3.89997577667236,-0.15185546875,-1.093505859375,-0.473388671875,0,NaN
1029,258290260,NaN,NaN,NaN,NaN,-1.3911041021347,8.39451122283936,4.65215253829956,-3.91741800308228,-1.43225586414337,-3.57678174972534,-0.153076171875,-1.090087890625,-0.474609375,0,NaN
1030,258306927,NaN,NaN,NaN,NaN,-1.40250504016876,8.33554172515869,4.57867670059204,-3.3550398349762,-0.565586030483246,-3.58619379997253,-0.153564453125,-1.089599609375,-0.473876953125,0,NaN
1031,258323594,NaN,NaN,NaN,NaN,-1.45048975944519,8.35680961608887,4.59500074386597,-3.7897515296936,0.0496758371591568,-3.33539509773254,-0.15185546875,-1.0888671875,-0.473388671875,0,NaN
1032,258340261,NaN,NaN,NaN,NaN,-1.5619341135025,8.40881633758545,4.54562187194824,-2.9727189540863,0.29760679602623,-2.57373714447021,-0.153076171875,-1.089599609375,-0.47607421875,0,NaN
1033,258356928,NaN,NaN,NaN,NaN,-1.59974074363708,8.43889808654785,4.5452184677124,-3.12356495857239,0.288821637630463,-1.90586018562317,-0.150146484375,-1.08740234375,-0.4755859375,0,NaN
1034,258373595,NaN,NaN,NaN,NaN,-1.59478116035461,8.44406509399414,4.49924850463867,-1.90217185020447,0.266397684812546,-1.4362256526947,-0.14794921875,-1.08447265625,-0.47607421875,0,NaN
1035,258390262,NaN,NaN,NaN,NaN,-1.63739109039307,8.48058319091797,4.47569417953491,-1.93571150302887,0.0361907370388508,-0.593721449375153,-0.145751953125,-1.085205078125,-0.4755859375,0,NaN
1036,258406929,NaN,NaN,NaN,NaN,-1.73056697845459,8.57850170135498,4.43520307540894,-1.07791674137115,-0.0662152245640755,-0.0634106397628784,-0.14404296875,-1.085205078125,-0.474609375,0,NaN
1037,258423596,NaN,NaN,NaN,NaN,-1.68120002746582,8.62786483764648,4.45979881286621,-0.680702328681946,-0.0184731613844633,0.346847146749496,-0.15234375,-1.086181640625,-0.476806640625,0,NaN
1038,258440263,NaN,NaN,NaN,NaN,-1.60853207111359,8.65173816680908,4.43671035766602,-0.845885038375854,-0.408778727054596,0.832918584346771,-0.146728515625,-1.08447265625,-0.47607421875,0,NaN
1039,258456930,NaN,NaN,NaN,NaN,-1.64450764656067,8.74701976776123,4.4048056602478,-2.38672566413879,-0.510441839694977,1.32590532302856,-0.14794921875,-1.085205078125,-0.47509765625,0,NaN
1040,258473597,NaN,NaN,NaN,NaN,-1.69937980175018,8.78343296051025,4.36792898178101,-4.9951491355896,0.139614850282669,1.95559394359589,-0.1484375,-1.080078125,-0.476318359375,0,NaN
1041,258490264,NaN,NaN,NaN,NaN,-1.71785926818848,8.74559116363525,4.26239395141602,-5.41405773162842,1.18534302711487,2.24001002311707,-0.1484375,-1.08447265625,-0.477294921875,0,NaN
1042,258506931,NaN,NaN,NaN,NaN,-1.70597553253174,8.7387228012085,4.20591497421265,-4.24596500396729,1.97694194316864,2.15461730957031,-0.147216796875,-1.0791015625,-0.481201171875,0,NaN
1043,258523598,NaN,NaN,NaN,NaN,-1.69463205337524,8.75055599212646,4.29064750671387,-4.23578405380249,2.43817567825317,1.70052969455719,-0.147216796875,-1.082275390625,-0.480712890625,0,NaN
1044,258540265,NaN,NaN,NaN,NaN,-1.7478836774826,8.75174903869629,4.29401111602783,-4.13907051086426,2.8106997013092,1.55779016017914,-0.146728515625,-1.077392578125,-0.48291015625,0,NaN
1045,258556932,NaN,NaN,NaN,NaN,-1.75125598907471,8.73545932769775,4.35331344604492,-3.74101042747498,2.86768770217896,1.60843920707703,-0.14892578125,-1.077880859375,-0.4833984375,0,NaN
1046,258573599,NaN,NaN,NaN,NaN,-1.69287312030792,8.7730598449707,4.41075468063354,-3.50330519676208,1.99184238910675,2.13779640197754,-0.14501953125,-1.076171875,-0.482421875,0,NaN
1047,258590266,NaN,NaN,NaN,NaN,-1.69232058525085,8.86980247497559,4.37194061279297,-5.16717624664307,1.30375051498413,2.95564150810242,-0.146728515625,-1.07568359375,-0.485107421875,0,NaN
1048,258606933,NaN,NaN,NaN,NaN,-1.73032486438751,8.88451480865479,4.32453966140747,-5.56306028366089,0.901810467243195,4.14372587203979,-0.146484375,-1.073486328125,-0.48583984375,0,NaN
1049,258623600,NaN,NaN,NaN,NaN,-1.87028789520264,8.89323711395264,4.29977893829346,-4.15862560272217,0.600477039813995,5.35869026184082,-0.146484375,-1.07080078125,-0.487548828125,0,NaN
1050,258640267,NaN,NaN,NaN,NaN,-1.88031387329102,8.90610313415527,4.3729944229126,-1.84650278091431,0.93122673034668,5.85090208053589,-0.148193359375,-1.07177734375,-0.487548828125,0,NaN
1051,258656934,NaN,NaN,NaN,NaN,-1.80771732330322,8.89698886871338,4.37887001037598,-0.747378587722778,1.22579181194305,5.92934656143188,-0.1494140625,-1.070556640625,-0.488037109375,0,NaN
1052,258673601,NaN,NaN,NaN,NaN,-1.79895102977753,8.90420532226562,4.39051198959351,-0.791323602199554,1.44300675392151,5.56337356567383,-0.148681640625,-1.06787109375,-0.489013671875,0,NaN
1053,258690268,NaN,NaN,NaN,NaN,-1.80196022987366,8.86425399780273,4.41390132904053,-0.688911318778992,1.95499181747437,4.85767984390259,-0.14697265625,-1.069091796875,-0.48974609375,0,NaN
1054,258706935,NaN,NaN,NaN,NaN,-1.78047466278076,8.81949806213379,4.4283390045166,0.112977638840675,2.50998067855835,3.79276776313782,-0.148193359375,-1.0673828125,-0.490234375,0,NaN
1055,258723602,NaN,NaN,NaN,NaN,-1.66376912593842,8.7965202331543,4.50414609909058,0.697638690471649,2.7343475818634,3.05320000648499,-0.150390625,-1.066162109375,-0.48974609375,0,NaN
1056,258740269,NaN,NaN,NaN,NaN,-1.59624969959259,8.92469215393066,4.45594787597656,-1.81789374351501,3.45432138442993,2.40162634849548,-0.14697265625,-1.065673828125,-0.491943359375,0,NaN
1057,258756936,NaN,NaN,NaN,NaN,-1.65364670753479,8.90670299530029,4.34018087387085,-6.17845726013184,5.09567356109619,2.00584626197815,-0.1474609375,-1.0634765625,-0.49365234375,0,NaN
1058,258773603,NaN,NaN,NaN,NaN,-1.72536897659302,8.70888614654541,4.21104574203491,-7.0282621383667,6.90898990631104,1.94143044948578,-0.14697265625,-1.06298828125,-0.495849609375,0,NaN
1059,258790270,NaN,NaN,NaN,NaN,-1.70729458332062,8.60263347625732,4.21997404098511,-3.28917741775513,8.38323211669922,1.91592013835907,-0.14697265625,-1.0625,-0.496337890625,0,NaN
1060,258806937,NaN,NaN,NaN,NaN,-1.64139676094055,8.69692325592041,4.30275440216064,0.813344240188599,9.24244689941406,2.10060024261475,-0.141845703125,-1.060791015625,-0.5009765625,0,NaN
1061,258823604,NaN,NaN,NaN,NaN,-1.64725875854492,8.82055568695068,4.39252424240112,1.28269708156586,9.18458843231201,2.80259370803833,-0.1396484375,-1.06201171875,-0.498046875,0,NaN
1062,258840271,NaN,NaN,NaN,NaN,-1.62670004367828,8.77213096618652,4.39721298217773,0.24129730463028,8.748122215271,3.48627376556396,-0.1396484375,-1.05908203125,-0.5009765625,0,NaN
1063,258856938,NaN,NaN,NaN,NaN,-1.59653031826019,8.69169902801514,4.35219621658325,0.911377012729645,8.11893367767334,3.877610206604,-0.138427734375,-1.059814453125,-0.498046875,0,NaN
1064,258873605,NaN,NaN,NaN,NaN,-1.6132298707962,8.79724311828613,4.33876276016235,2.19270396232605,7.35401105880737,3.96574354171753,-0.137451171875,-1.060302734375,-0.500244140625,0,NaN
1065,258890272,NaN,NaN,NaN,NaN,-1.48232901096344,8.90585708618164,4.32273149490356,1.02462983131409,6.66758298873901,4.00722932815552,-0.134521484375,-1.058837890625,-0.502685546875,0,NaN
1066,258906939,NaN,NaN,NaN,NaN,-1.58468544483185,8.94567775726318,4.35107612609863,-0.381667643785477,5.04456853866577,5.23498678207397,-0.135498046875,-1.0615234375,-0.503662109375,0,NaN
1067,258923606,NaN,NaN,NaN,NaN,-1.71446800231934,8.93461990356445,4.43778896331787,1.45445561408997,3.54725670814514,6.07830429077148,-0.1328125,-1.059326171875,-0.502685546875,0,NaN
1068,258940273,NaN,NaN,NaN,NaN,-1.80921733379364,8.7665958404541,4.53193187713623,6.29456472396851,1.51349318027496,5.4663143157959,-0.134033203125,-1.060546875,-0.503173828125,0,NaN
1069,258956940,NaN,NaN,NaN,NaN,-1.6640716791153,8.56707096099854,4.63688278198242,10.9615478515625,-1.41361033916473,3.0427131652832,-0.138427734375,-1.060302734375,-0.499755859375,0,NaN
1070,258973607,NaN,NaN,NaN,NaN,-1.43250775337219,8.61028289794922,4.79182720184326,13.1757068634033,-3.94255900382996,-0.179538741707802,-0.134765625,-1.063720703125,-0.496337890625,0,NaN
1071,258990274,NaN,NaN,NaN,NaN,-1.23483180999756,8.69950580596924,4.84170436859131,7.61121273040771,-5.98921775817871,-2.37137174606323,-0.1357421875,-1.067138671875,-0.496337890625,0,NaN
1072,259006941,NaN,NaN,NaN,NaN,-1.16625094413757,8.63500022888184,4.7017560005188,-1.52398800849915,-7.22534990310669,-2.65092134475708,-0.13916015625,-1.06640625,-0.4970703125,0,NaN
1073,259023608,NaN,NaN,NaN,NaN,-1.18597853183746,8.45371532440186,4.60241174697876,-5.29714918136597,-7.04754686355591,-1.30601108074188,-0.13623046875,-1.0654296875,-0.49755859375,0,NaN
1074,259040275,NaN,NaN,NaN,NaN,-1.27848517894745,8.3870849609375,4.53877210617065,-1.95074665546417,-5.80772495269775,1.12870049476624,-0.1396484375,-1.06298828125,-0.496337890625,0,NaN
1075,259056942,NaN,NaN,NaN,NaN,-1.49686849117279,8.41751003265381,4.53024768829346,5.19592094421387,-4.38642501831055,3.72742986679077,-0.141845703125,-1.06591796875,-0.49853515625,0,NaN
1076,259073609,NaN,NaN,NaN,NaN,-1.62362575531006,8.53884983062744,4.59738779067993,10.9940776824951,-2.43781161308289,5.21729707717896,-0.140869140625,-1.06982421875,-0.4970703125,0,NaN
1077,259090276,NaN,NaN,NaN,NaN,-1.64825892448425,8.59412288665771,4.65282964706421,12.3924446105957,-0.683020710945129,4.9821343421936,-0.142578125,-1.06982421875,-0.49462890625,0,NaN
1078,259106943,NaN,NaN,NaN,NaN,-1.67108607292175,8.63612937927246,4.76980543136597,13.3199949264526,0.228042840957642,3.69367408752441,-0.1435546875,-1.0703125,-0.492919921875,0,NaN
1079,259123610,NaN,NaN,NaN,NaN,-1.61536455154419,8.75007915496826,4.86529302597046,12.0390892028809,1.42545008659363,1.35643661022186,-0.14306640625,-1.072509765625,-0.48974609375,0,NaN
1080,259140277,NaN,NaN,NaN,NaN,-1.51565945148468,8.79677963256836,4.85015964508057,8.2840690612793,1.89691519737244,-0.782858669757843,-0.143798828125,-1.076904296875,-0.48681640625,0,NaN
1081,259156944,NaN,NaN,NaN,NaN,-1.42748296260834,8.81521511077881,4.75606489181519,2.84382939338684,2.40490460395813,-2.52308797836304,-0.1416015625,-1.072998046875,-0.48974609375,0,NaN
1082,259173611,NaN,NaN,NaN,NaN,-1.3884893655777,8.7345085144043,4.78517484664917,-0.835774540901184,2.75519728660583,-3.60986089706421,-0.1416015625,-1.076416015625,-0.489013671875,0,NaN
1083,259190278,NaN,NaN,NaN,NaN,-1.41491305828094,8.66811656951904,4.80139255523682,-2.14369988441467,3.39784502983093,-4.04416275024414,-0.13818359375,-1.075439453125,-0.49072265625,0,NaN
1084,259206945,NaN,NaN,NaN,NaN,-1.51989889144897,8.61405467987061,4.78452825546265,-2.33762621879578,3.64664649963379,-3.90831232070923,-0.137451171875,-1.075927734375,-0.49365234375,0,NaN
1085,259223612,NaN,NaN,NaN,NaN,-1.61613404750824,8.51002979278564,4.74508571624756,-2.60983824729919,3.94579005241394,-3.50995850563049,-0.134765625,-1.075439453125,-0.491943359375,0,NaN
1086,259240279,NaN,NaN,NaN,NaN,-1.71863615512848,8.41207885742188,4.68026256561279,-2.21827101707458,4.35456895828247,-2.8946259021759,-0.132080078125,-1.07666015625,-0.49365234375,0,NaN
1087,259256946,NaN,NaN,NaN,NaN,-1.77201044559479,8.34385204315186,4.63930988311768,0.102502040565014,5.07665491104126,-1.96752309799194,-0.129638671875,-1.075439453125,-0.496337890625,0,NaN
1088,259273613,NaN,NaN,NaN,NaN,-1.84774124622345,8.29966735839844,4.67749643325806,1.2147079706192,5.72411823272705,-0.973596394062042,-0.128662109375,-1.0771484375,-0.49462890625,0,NaN
1089,259290280,NaN,NaN,NaN,NaN,-2.03549361228943,8.31133651733398,4.67497491836548,1.64863836765289,6.30431079864502,0.294046640396118,-0.12744140625,-1.073974609375,-0.495361328125,0,NaN
1090,259306947,NaN,NaN,NaN,NaN,-2.22771072387695,8.28493785858154,4.52859020233154,-1.16208040714264,7.84126567840576,1.24275386333466,-0.126220703125,-1.074462890625,-0.49853515625,0,NaN
1091,259323614,NaN,NaN,NaN,NaN,-2.34625816345215,8.11015605926514,4.45379972457886,-2.22484159469604,9.91178512573242,2.21323251724243,-0.122314453125,-1.076171875,-0.500244140625,0,NaN
1092,259340281,NaN,NaN,NaN,NaN,-2.30769014358521,7.92127227783203,4.49686336517334,2.47709512710571,11.2314434051514,3.05085802078247,-0.121337890625,-1.073974609375,-0.49853515625,0,NaN
1093,259356948,NaN,NaN,NaN,NaN,-1.9372181892395,7.75035095214844,4.78962850570679,10.4564323425293,10.7831869125366,3.10696411132812,-0.11962890625,-1.07568359375,-0.49853515625,0,NaN
1094,259373615,NaN,NaN,NaN,NaN,-1.50547206401825,7.67843961715698,5.12696838378906,15.647608757019,7.72566986083984,2.8507604598999,-0.116455078125,-1.076904296875,-0.498046875,0,NaN
1095,259390282,NaN,NaN,NaN,NaN,-1.10046935081482,7.83745861053467,5.38952493667603,14.0535182952881,2.962482213974,2.45159792900085,-0.116455078125,-1.08349609375,-0.493408203125,0,NaN
1096,259406949,NaN,NaN,NaN,NaN,-0.766466856002808,8.06791305541992,5.46509265899658,4.89103412628174,-2.21118307113647,2.70399069786072,-0.11474609375,-1.083984375,-0.492431640625,0,NaN
1097,259423616,NaN,NaN,NaN,NaN,-0.55822342634201,8.27921867370605,5.30856943130493,-5.84520959854126,-5.71796607971191,3.44976234436035,-0.116455078125,-1.08349609375,-0.4951171875,0,NaN
1098,259440283,NaN,NaN,NaN,NaN,-0.502168118953705,8.33842086791992,5.0322380065918,-10.698938369751,-7.2822265625,4.13827228546143,-0.11865234375,-1.077392578125,-0.4951171875,0,NaN
1099,259456950,NaN,NaN,NaN,NaN,-0.372950613498688,8.30065631866455,4.90547895431519,-8.02854061126709,-7.66731262207031,4.49108648300171,-0.12255859375,-1.07666015625,-0.49755859375,0,NaN
1100,259473617,NaN,NaN,NaN,NaN,-0.425126761198044,8.50603008270264,4.84838390350342,-3.97780060768127,-6.94057512283325,4.64563274383545,-0.125732421875,-1.074951171875,-0.4951171875,0,NaN
1101,259490284,NaN,NaN,NaN,NaN,-0.74871826171875,8.78382682800293,4.60477304458618,-1.72182023525238,-5.59621524810791,4.34612989425659,-0.125732421875,-1.074462890625,-0.499267578125,0,NaN
1102,259506951,NaN,NaN,NaN,NaN,-1.2236202955246,8.91297626495361,4.42312622070312,3.28741550445557,-3.04951882362366,2.71365308761597,-0.13134765625,-1.0732421875,-0.49853515625,0,NaN
1103,259523618,NaN,NaN,NaN,NaN,-1.60760402679443,8.95880794525146,4.46481275558472,9.53816509246826,-0.534767687320709,-0.659181356430054,-0.129638671875,-1.075439453125,-0.499267578125,0,NaN
1104,259540285,NaN,NaN,NaN,NaN,-1.99843513965607,9.10317039489746,4.58878040313721,12.5082025527954,1.24611008167267,-4.7804799079895,-0.126953125,-1.078857421875,-0.49365234375,0,NaN
1105,259556952,NaN,NaN,NaN,NaN,-2.31794738769531,9.12717628479004,4.71559047698975,11.6531581878662,1.37077987194061,-7.49177742004395,-0.127197265625,-1.08154296875,-0.490234375,0,NaN
1106,259573619,NaN,NaN,NaN,NaN,-2.33005952835083,9.00354385375977,4.73054790496826,11.2146062850952,0.840404689311981,-10.4943323135376,-0.12158203125,-1.085205078125,-0.492431640625,0,NaN
1107,259590286,NaN,NaN,NaN,NaN,-2.17299580574036,8.67869281768799,4.79370927810669,13.489598274231,-0.174736455082893,-14.4711866378784,-0.123291015625,-1.087890625,-0.489501953125,0,NaN
1108,259606953,NaN,NaN,NaN,NaN,-1.92233991622925,8.45068645477295,4.92608737945557,15.7707033157349,-2.7054169178009,-17.9164047241211,-0.11669921875,-1.093505859375,-0.485595703125,0,NaN
1109,259623620,NaN,NaN,NaN,NaN,-1.64092588424683,8.41565799713135,5.09974050521851,13.0215644836426,-6.12782001495361,-20.5572776794434,-0.1123046875,-1.096435546875,-0.48046875,0,NaN
1110,259640287,NaN,NaN,NaN,NaN,-1.51387643814087,8.51245212554932,5.27442979812622,3.40639328956604,-10.0988445281982,-20.8724632263184,-0.11083984375,-1.100341796875,-0.477783203125,0,NaN
1111,259656954,NaN,NaN,NaN,NaN,-1.63485741615295,8.55279922485352,5.23268222808838,-10.1652994155884,-13.4611101150513,-18.8629055023193,-0.109619140625,-1.10205078125,-0.482177734375,0,NaN
1112,259673621,NaN,NaN,NaN,NaN,-1.88973605632782,8.28723526000977,4.96134424209595,-17.139123916626,-14.7176666259766,-15.5833005905151,-0.1083984375,-1.09912109375,-0.4833984375,0,NaN
1113,259690288,NaN,NaN,NaN,NaN,-2.18283081054688,8.1582670211792,4.68753099441528,-13.3390111923218,-14.8388814926147,-11.9543991088867,-0.1083984375,-1.09423828125,-0.485595703125,0,NaN
1114,259706955,NaN,NaN,NaN,NaN,-2.40377736091614,8.37006282806396,4.63586664199829,-5.26996564865112,-14.3292112350464,-8.1574535369873,-0.110595703125,-1.0908203125,-0.485595703125,0,NaN
1115,259723622,NaN,NaN,NaN,NaN,-2.57299470901489,8.68284797668457,4.73816108703613,-0.816443800926208,-12.9885158538818,-4.02579402923584,-0.111572265625,-1.0908203125,-0.485107421875,0,NaN
1116,259740289,NaN,NaN,NaN,NaN,-2.50030207633972,8.7927885055542,4.65138530731201,2.78397989273071,-10.966362953186,-1.49082624912262,-0.11328125,-1.093017578125,-0.485107421875,0,NaN
1117,259756956,NaN,NaN,NaN,NaN,-2.18098068237305,8.68884754180908,4.52914428710938,7.51929569244385,-8.66673946380615,-2.52677059173584,-0.117919921875,-1.093017578125,-0.482177734375,0,NaN
1118,259773623,NaN,NaN,NaN,NaN,-1.91632318496704,8.70535659790039,4.5092453956604,10.2952489852905,-6.54581022262573,-5.58210611343384,-0.1162109375,-1.09912109375,-0.47998046875,0,NaN
1119,259790290,NaN,NaN,NaN,NaN,-1.71656465530396,8.77247333526611,4.47942638397217,6.9638524055481,-4.34219312667847,-7.9949107170105,-0.117919921875,-1.097412109375,-0.477783203125,0,NaN
1120,259806957,NaN,NaN,NaN,NaN,-1.64831829071045,8.82999897003174,4.32818794250488,0.0822808220982552,-2.17836713790894,-9.38057041168213,-0.115234375,-1.10009765625,-0.477783203125,0,NaN
1121,259823624,NaN,NaN,NaN,NaN,-1.62287759780884,8.7008113861084,4.22984170913696,-2.95076966285706,0.53285950422287,-10.062650680542,-0.115234375,-1.097412109375,-0.477294921875,0,NaN
1122,259840291,NaN,NaN,NaN,NaN,-1.6795152425766,8.42439651489258,4.19792938232422,-2.52627730369568,2.68030595779419,-9.82353019714355,-0.110107421875,-1.099609375,-0.48046875,0,NaN
1123,259856958,NaN,NaN,NaN,NaN,-1.77506875991821,8.3602819442749,4.19476509094238,-1.85481429100037,3.17899775505066,-8.81662940979004,-0.104736328125,-1.0986328125,-0.47900390625,0,NaN
1124,259873625,NaN,NaN,NaN,NaN,-1.95650613307953,8.30085945129395,4.32507801055908,-0.649147570133209,2.86978816986084,-6.99983024597168,-0.101806640625,-1.09814453125,-0.48046875,0,NaN
1125,259890292,NaN,NaN,NaN,NaN,-2.08159518241882,8.29737854003906,4.41836452484131,-0.365000188350677,2.01746106147766,-5.30471706390381,-0.1005859375,-1.099365234375,-0.48046875,0,NaN
1126,259906959,NaN,NaN,NaN,NaN,-2.19057440757751,8.26282119750977,4.38800001144409,0.408714681863785,0.500664293766022,-3.78396272659302,-0.101806640625,-1.09765625,-0.477783203125,0,NaN
1127,259923626,NaN,NaN,NaN,NaN,-2.21553587913513,8.27521324157715,4.38414859771729,1.06010973453522,-1.49872088432312,-2.18853497505188,-0.101318359375,-1.10107421875,-0.481689453125,0,NaN
1128,259940293,NaN,NaN,NaN,NaN,-2.19807291030884,8.36968803405762,4.35273838043213,1.1373063325882,-3.00363326072693,-0.687540948390961,-0.10009765625,-1.10107421875,-0.481201171875,0,NaN
1129,259956960,NaN,NaN,NaN,NaN,-2.09659647941589,8.38125705718994,4.22020864486694,1.85894405841827,-3.93977785110474,0.476806074380875,-0.101318359375,-1.0986328125,-0.4794921875,0,NaN
1130,259973627,NaN,NaN,NaN,NaN,-2.15761375427246,8.48224925994873,4.15576505661011,3.44064378738403,-3.94716715812683,1.81102299690247,-0.101806640625,-1.10205078125,-0.4794921875,0,NaN
1131,259990294,NaN,NaN,NaN,NaN,-2.15740823745728,8.64213085174561,4.09403038024902,4.47724103927612,-3.36602807044983,3.05239391326904,-0.104736328125,-1.10205078125,-0.478759765625,0,NaN
1132,260006961,NaN,NaN,NaN,NaN,-2.18478345870972,8.64902019500732,4.10320663452148,5.82745409011841,-2.61698460578918,3.89863777160645,-0.10400390625,-1.10302734375,-0.478271484375,0,NaN
1133,260023628,NaN,NaN,NaN,NaN,-2.24244117736816,8.6631908416748,4.18543434143066,7.65880155563354,-2.29208731651306,4.05444002151489,-0.108154296875,-1.10302734375,-0.474853515625,0,NaN
1134,260040295,NaN,NaN,NaN,NaN,-2.30583882331848,8.7077169418335,4.31859683990479,8.80281925201416,-2.39758634567261,3.53808856010437,-0.107666015625,-1.104248046875,-0.47216796875,0,NaN
1135,260056962,NaN,NaN,NaN,NaN,-2.25070381164551,8.73778247833252,4.3678092956543,7.38406705856323,-3.01702976226807,2.45906352996826,-0.108642578125,-1.105712890625,-0.470947265625,0,NaN
1136,260073629,NaN,NaN,NaN,NaN,-2.25637722015381,8.79668426513672,4.3765025138855,4.78662967681885,-3.25547027587891,1.34747135639191,-0.10986328125,-1.10791015625,-0.46923828125,0,NaN
1137,260090296,NaN,NaN,NaN,NaN,-2.20417308807373,8.77796840667725,4.4309515953064,2.78702020645142,-3.43784546852112,0.720485270023346,-0.109375,-1.10791015625,-0.470947265625,0,NaN
1138,260106963,NaN,NaN,NaN,NaN,-2.09488677978516,8.72835540771484,4.47642946243286,1.52759277820587,-3.39457297325134,0.676329016685486,-0.108642578125,-1.108154296875,-0.47216796875,0,NaN
1139,260123630,NaN,NaN,NaN,NaN,-2.06479811668396,8.66046810150146,4.38281536102295,0.835217356681824,-2.89252543449402,0.726030468940735,-0.108642578125,-1.107421875,-0.4716796875,0,NaN
1140,260140297,NaN,NaN,NaN,NaN,-2.05783319473267,8.59527778625488,4.35379648208618,2.36137580871582,-2.002112865448,1.11894202232361,-0.109375,-1.109130859375,-0.46923828125,0,NaN
1141,260156964,NaN,NaN,NaN,NaN,-2.03630518913269,8.59795665740967,4.4260048866272,4.09119319915771,-0.852486670017242,1.17854273319244,-0.112060546875,-1.106201171875,-0.4716796875,0,NaN
1142,260173631,NaN,NaN,NaN,NaN,-2.00430226325989,8.59822463989258,4.47633934020996,4.13050889968872,0.154636681079865,1.12448728084564,-0.10986328125,-1.1103515625,-0.46875,0,NaN
1143,260190298,NaN,NaN,NaN,NaN,-1.97526323795319,8.55945587158203,4.49959087371826,3.76833319664001,0.378466159105301,1.08340454101562,-0.112060546875,-1.109619140625,-0.466552734375,0,NaN
1144,260206965,NaN,NaN,NaN,NaN,-1.9682765007019,8.60795497894287,4.4897575378418,1.79286324977875,0.568384170532227,0.677775979042053,-0.110595703125,-1.11181640625,-0.4677734375,0,NaN
1145,260223632,NaN,NaN,NaN,NaN,-1.94495213031769,8.55213832855225,4.41850805282593,0.42546534538269,1.26090037822723,0.396177232265472,-0.112060546875,-1.10791015625,-0.4677734375,0,NaN
1146,260240299,NaN,NaN,NaN,NaN,-1.93820035457611,8.49491405487061,4.32892227172852,0.634823560714722,1.63804745674133,0.462104290723801,-0.10986328125,-1.1083984375,-0.46533203125,0,NaN
1147,260256966,NaN,NaN,NaN,NaN,-1.95104432106018,8.49748611450195,4.30552768707275,0.813363194465637,1.5741628408432,0.783857464790344,-0.109375,-1.11083984375,-0.467041015625,0,NaN
1148,260273633,NaN,NaN,NaN,NaN,-1.9198807477951,8.53707504272461,4.30419254302979,1.0221836566925,1.54592502117157,1.12523627281189,-0.111083984375,-1.109619140625,-0.4677734375,0,NaN
1149,260290300,NaN,NaN,NaN,NaN,-2.00574445724487,8.62018966674805,4.18312311172485,0.730909526348114,0.773990035057068,1.66529905796051,-0.10986328125,-1.11083984375,-0.4677734375,0,NaN
1150,260306967,NaN,NaN,NaN,NaN,-2.05992794036865,8.71158313751221,4.07930374145508,2.00678038597107,0.110634051263332,1.65025162696838,-0.109375,-1.11083984375,-0.466552734375,0,NaN
1151,260323634,NaN,NaN,NaN,NaN,-2.06775879859924,8.76237297058105,3.98579525947571,2.59244060516357,-0.913675487041473,1.51137983798981,-0.109375,-1.109130859375,-0.46875,0,NaN
1152,260340301,NaN,NaN,NaN,NaN,-2.01103639602661,8.8862886428833,3.91183114051819,1.85115778446198,-2.27887082099915,0.773977398872375,-0.10986328125,-1.108642578125,-0.46875,0,NaN
1153,260356968,NaN,NaN,NaN,NaN,-1.9879138469696,9.04738426208496,3.74845790863037,0.0786566063761711,-4.36081218719482,-0.347750037908554,-0.10986328125,-1.113037109375,-0.467041015625,0,NaN
1154,260373635,NaN,NaN,NaN,NaN,-1.89517784118652,9.11774444580078,3.55606150627136,0.0692823603749275,-7.04032325744629,-1.34275233745575,-0.10986328125,-1.1103515625,-0.469970703125,0,NaN
1155,260390302,NaN,NaN,NaN,NaN,-1.8367326259613,9.15541934967041,3.35433459281921,2.36192727088928,-9.88672924041748,-2.85324954986572,-0.110595703125,-1.11181640625,-0.466064453125,0,NaN
1156,260406969,NaN,NaN,NaN,NaN,-1.69060051441193,9.13371181488037,3.19322919845581,6.76057958602905,-12.8281497955322,-4.70271921157837,-0.1123046875,-1.1123046875,-0.46484375,0,NaN
1157,260423636,NaN,NaN,NaN,NaN,-1.55618417263031,9.2490816116333,3.07285952568054,11.475004196167,-16.1346588134766,-6.69550800323486,-0.114990234375,-1.11279296875,-0.462158203125,0,NaN
1158,260440303,NaN,NaN,NaN,NaN,-1.41534304618835,9.40245914459229,2.9990770816803,12.9444808959961,-19.0757312774658,-8.54731464385986,-0.1162109375,-1.118408203125,-0.459228515625,0,NaN
1159,260456970,NaN,NaN,NaN,NaN,-1.28566884994507,9.45589733123779,2.95861840248108,11.8284215927124,-22.3355770111084,-9.55178546905518,-0.119140625,-1.119384765625,-0.45361328125,0,NaN
1160,260473637,NaN,NaN,NaN,NaN,-1.23959422111511,9.55063438415527,2.91806578636169,8.41949462890625,-25.2204570770264,-10.6948499679565,-0.123046875,-1.122802734375,-0.454833984375,0,NaN
1161,260490304,NaN,NaN,NaN,NaN,-1.324103474617,9.44690036773682,2.88856816291809,7.08435726165771,-28.3682117462158,-12.2354679107666,-0.126953125,-1.124267578125,-0.45263671875,0,NaN
1162,260506971,NaN,NaN,NaN,NaN,-1.48988449573517,9.25671672821045,2.96645355224609,11.1626815795898,-32.2326622009277,-13.9802255630493,-0.13037109375,-1.12646484375,-0.448486328125,0,NaN
1163,260523638,NaN,NaN,NaN,NaN,-1.47643041610718,9.29689884185791,3.12629151344299,15.7736167907715,-35.9307441711426,-16.1757698059082,-0.131103515625,-1.132568359375,-0.44140625,0,NaN
1164,260540305,NaN,NaN,NaN,NaN,-1.46691393852234,9.45458793640137,3.16709089279175,18.1924304962158,-39.7011756896973,-17.9698619842529,-0.138427734375,-1.138671875,-0.436767578125,0,NaN
1165,260556972,NaN,NaN,NaN,NaN,-1.40473532676697,9.4367151260376,3.17887592315674,18.2599239349365,-43.9884071350098,-19.0512161254883,-0.142578125,-1.14453125,-0.427734375,0,NaN
1166,260573639,NaN,NaN,NaN,NaN,-1.43584752082825,9.41255474090576,3.17205190658569,19.270715713501,-47.8338508605957,-19.8088626861572,-0.1494140625,-1.146728515625,-0.421630859375,0,NaN
1167,260590306,NaN,NaN,NaN,NaN,-1.4007476568222,9.41815757751465,3.13087677955627,23.0525722503662,-50.5903358459473,-20.8413047790527,-0.15234375,-1.152587890625,-0.417236328125,0,NaN
1168,260606973,NaN,NaN,NaN,NaN,-1.36714124679565,9.43321704864502,3.15519618988037,28.7784118652344,-53.2545776367188,-22.0658206939697,-0.16015625,-1.161376953125,-0.40771484375,0,NaN
1169,260623640,NaN,NaN,NaN,NaN,-1.32711338996887,9.46440601348877,3.18551659584045,31.7329368591309,-55.8001708984375,-23.6399612426758,-0.167236328125,-1.167236328125,-0.394287109375,0,NaN
1170,260640307,NaN,NaN,NaN,NaN,-1.22436237335205,9.43283557891846,3.22747898101807,30.504150390625,-58.3763084411621,-25.5570774078369,-0.17138671875,-1.178955078125,-0.386962890625,0,NaN
1171,260656974,NaN,NaN,NaN,NaN,-1.2176228761673,9.39669322967529,3.22491908073425,27.6890468597412,-60.6933746337891,-27.3724060058594,-0.1787109375,-1.185546875,-0.3779296875,0,NaN
1172,260673641,NaN,NaN,NaN,NaN,-1.27697026729584,9.36137199401855,3.20211315155029,26.3026447296143,-63.1088523864746,-28.8560810089111,-0.181884765625,-1.192626953125,-0.3662109375,0,NaN
1173,260690308,NaN,NaN,NaN,NaN,-1.37641775608063,9.23071479797363,3.21306443214417,27.259937286377,-65.6478424072266,-30.1553783416748,-0.188232421875,-1.201904296875,-0.35498046875,0,NaN
1174,260706975,NaN,NaN,NaN,NaN,-1.36963665485382,9.16900062561035,3.25169491767883,28.3978805541992,-68.3531875610352,-31.3628177642822,-0.193359375,-1.208984375,-0.345947265625,0,NaN
1175,260723642,NaN,NaN,NaN,NaN,-1.35525870323181,9.08635520935059,3.30652642250061,28.206615447998,-71.1798324584961,-32.3581771850586,-0.19921875,-1.21484375,-0.33251953125,0,NaN
1176,260740309,NaN,NaN,NaN,NaN,-1.34171462059021,8.96016216278076,3.39443850517273,25.8319683074951,-73.9304351806641,-33.3465118408203,-0.205078125,-1.22412109375,-0.32177734375,0,NaN
1177,260756976,NaN,NaN,NaN,NaN,-1.4087438583374,8.88848495483398,3.43525958061218,23.8414974212646,-76.9943771362305,-33.7801704406738,-0.212646484375,-1.23291015625,-0.312255859375,0,NaN
1178,260773643,NaN,NaN,NaN,NaN,-1.39128565788269,8.96888446807861,3.52278113365173,21.3676013946533,-79.763427734375,-34.2480735778809,-0.218505859375,-1.243408203125,-0.29931640625,0,NaN
1179,260790310,NaN,NaN,NaN,NaN,-1.32782185077667,8.81977462768555,3.63162350654602,16.8066539764404,-81.5452728271484,-35.0549240112305,-0.226806640625,-1.245849609375,-0.29150390625,0,NaN
1180,260806977,NaN,NaN,NaN,NaN,-1.30962824821472,8.72386741638184,3.67712569236755,13.0116481781006,-83.5172119140625,-35.4406509399414,-0.231689453125,-1.253662109375,-0.282470703125,0,NaN
1181,260823644,NaN,NaN,NaN,NaN,-1.2950941324234,8.75341892242432,3.76459956169128,10.5393180847168,-85.078971862793,-35.7861709594727,-0.23583984375,-1.2607421875,-0.270263671875,0,NaN
1182,260840311,NaN,NaN,NaN,NaN,-1.19983506202698,8.59908485412598,3.88956642150879,13.4496393203735,-86.7483673095703,-35.0327835083008,-0.241943359375,-1.26611328125,-0.26123046875,0,NaN
1183,260856978,NaN,NaN,NaN,NaN,-1.11875236034393,8.50635433197021,3.98282051086426,20.4982013702393,-88.5724868774414,-33.6151123046875,-0.248046875,-1.272705078125,-0.24658203125,0,NaN
1184,260873645,NaN,NaN,NaN,NaN,-1.15477299690247,8.67895126342773,4.10760736465454,26.4297561645508,-90.2953796386719,-31.4676475524902,-0.253173828125,-1.28076171875,-0.2353515625,0,NaN
1185,260890312,NaN,NaN,NaN,NaN,-1.03111827373505,8.91214847564697,4.27051115036011,28.5402908325195,-91.6171875,-29.224271774292,-0.261962890625,-1.287841796875,-0.217529296875,0,NaN
1186,260906979,NaN,NaN,NaN,NaN,-0.752176105976105,8.89225959777832,4.439453125,25.3060817718506,-91.7453765869141,-28.8423519134521,-0.26953125,-1.296875,-0.201171875,0,NaN
1187,260923646,NaN,NaN,NaN,NaN,-0.643011033535004,8.62639236450195,4.47395992279053,20.6625061035156,-91.9798965454102,-29.1501617431641,-0.274169921875,-1.3056640625,-0.18896484375,0,NaN
1188,260940313,NaN,NaN,NaN,NaN,-0.827452003955841,8.70282936096191,4.54278421401978,19.6460914611816,-91.9866104125977,-29.0716991424561,-0.28076171875,-1.312255859375,-0.172607421875,0,NaN
1189,260956980,NaN,NaN,NaN,NaN,-0.948485851287842,8.92737007141113,4.73507833480835,18.6908092498779,-89.8772430419922,-28.7106895446777,-0.28662109375,-1.318115234375,-0.15966796875,0,NaN
1190,260973647,NaN,NaN,NaN,NaN,-0.777355432510376,8.85938453674316,4.7637038230896,18.4977531433105,-87.7005615234375,-27.5183696746826,-0.289794921875,-1.32470703125,-0.143310546875,0,NaN
1191,260990314,NaN,NaN,NaN,NaN,-0.592940509319305,8.6965274810791,4.79284954071045,18.6736869812012,-85.6452941894531,-26.4407825469971,-0.296630859375,-1.33154296875,-0.12939453125,0,NaN
1192,261006981,NaN,NaN,NaN,NaN,-0.471020996570587,8.68161964416504,4.85085391998291,17.8724842071533,-82.2448806762695,-26.1297779083252,-0.2998046875,-1.33984375,-0.115234375,0,NaN
1193,261023648,NaN,NaN,NaN,NaN,-0.636654675006866,8.74610233306885,5.01721668243408,16.4365310668945,-78.2411346435547,-25.5864276885986,-0.302734375,-1.343017578125,-0.100830078125,0,NaN
1194,261040315,NaN,NaN,NaN,NaN,-0.762027323246002,8.83270645141602,5.19287014007568,13.8682489395142,-74.3255081176758,-25.2457103729248,-0.3037109375,-1.351318359375,-0.086669921875,0,NaN
1195,261056982,NaN,NaN,NaN,NaN,-0.809846460819244,8.642991065979,5.29095697402954,13.2263956069946,-71.1863784790039,-24.4601345062256,-0.30517578125,-1.3544921875,-0.07275390625,0,NaN
1196,261073649,NaN,NaN,NaN,NaN,-0.62658017873764,8.52136611938477,5.27618074417114,13.7748699188232,-68.3561630249023,-23.8393859863281,-0.306884765625,-1.3603515625,-0.06494140625,0,NaN
1197,261090316,NaN,NaN,NaN,NaN,-0.684584200382233,8.55682945251465,5.22314786911011,10.8618879318237,-64.994270324707,-23.8240375518799,-0.304931640625,-1.3671875,-0.05126953125,0,NaN
1198,261106983,NaN,NaN,NaN,NaN,-1.02978932857513,8.59605884552002,5.20497512817383,7.22981691360474,-62.005989074707,-22.7227897644043,-0.303466796875,-1.3681640625,-0.041259765625,0,NaN
1199,261123650,NaN,NaN,NaN,NaN,-0.976946592330933,8.51001930236816,5.36023426055908,10.1646270751953,-58.9930191040039,-20.4542961120605,-0.304443359375,-1.37255859375,-0.02880859375,0,NaN
1200,261140317,NaN,NaN,NaN,NaN,-0.824924349784851,8.50610542297363,5.24675750732422,11.8918523788452,-55.7213287353516,-18.7243251800537,-0.30908203125,-1.375732421875,-0.02001953125,0,NaN
1201,261156984,NaN,NaN,NaN,NaN,-0.82118809223175,8.55407238006592,5.12429904937744,11.248387336731,-53.3198890686035,-17.2835350036621,-0.301513671875,-1.380615234375,-0.011962890625,0,NaN
1202,261173651,NaN,NaN,NaN,NaN,-0.930420875549316,8.50549411773682,5.09345102310181,8.60638236999512,-50.3818168640137,-16.2828350067139,-0.3017578125,-1.384033203125,0.00244140625,0,NaN
1203,261190318,NaN,NaN,NaN,NaN,-1.21185553073883,8.55203056335449,5.11589097976685,8.42086029052734,-47.6476821899414,-15.5084638595581,-0.30029296875,-1.385986328125,0.0126953125,0,NaN
1204,261206985,NaN,NaN,NaN,NaN,-1.35748338699341,8.78115749359131,5.17078495025635,6.97350358963013,-44.7260513305664,-15.2466335296631,-0.30078125,-1.386474609375,0.0166015625,0,NaN
1205,261223652,NaN,NaN,NaN,NaN,-1.16685009002686,8.69989585876465,5.09015464782715,3.59761905670166,-43.2905120849609,-15.0290050506592,-0.2998046875,-1.388671875,0.022216796875,0,NaN
1206,261240319,NaN,NaN,NaN,NaN,-1.19154644012451,8.51965427398682,5.0309681892395,4.81609869003296,-42.0740509033203,-15.2310962677002,-0.2978515625,-1.394287109375,0.03125,0,NaN
1207,261256986,NaN,NaN,NaN,NaN,-1.1300448179245,8.46197509765625,4.80568599700928,7.88334131240845,-40.2909965515137,-15.7417860031128,-0.295166015625,-1.39306640625,0.036865234375,0,NaN
1208,261273653,NaN,NaN,NaN,NaN,-1.21661472320557,8.61118698120117,4.63588428497314,10.8064155578613,-39.2890853881836,-14.6755132675171,-0.29541015625,-1.395263671875,0.044677734375,0,NaN
1209,261290320,NaN,NaN,NaN,NaN,-1.34274792671204,8.84075355529785,4.63281345367432,6.59060144424438,-37.4141845703125,-13.6047649383545,-0.29443359375,-1.3974609375,0.05078125,0,NaN
1210,261306987,NaN,NaN,NaN,NaN,-1.24519050121307,8.69156837463379,4.64326524734497,1.74589240550995,-35.9576263427734,-13.2276582717896,-0.291015625,-1.398193359375,0.055419921875,0,NaN
1211,261323654,NaN,NaN,NaN,NaN,-1.20813691616058,8.26339912414551,4.56436777114868,4.92553329467773,-35.8251419067383,-12.7859001159668,-0.286865234375,-1.40087890625,0.063720703125,0,NaN
1212,261340321,NaN,NaN,NaN,NaN,-1.220578789711,8.34339904785156,4.35021686553955,7.97256469726562,-35.787483215332,-13.5322847366333,-0.285888671875,-1.40087890625,0.0693359375,0,NaN
1213,261356988,NaN,NaN,NaN,NaN,-1.48992693424225,8.59014320373535,4.15127611160278,7.84205627441406,-36.3582534790039,-13.327205657959,-0.281982421875,-1.4052734375,0.075439453125,0,NaN
1214,261373655,NaN,NaN,NaN,NaN,-1.89458990097046,8.90458297729492,4.3021092414856,5.90732717514038,-37.4636154174805,-11.8973579406738,-0.2822265625,-1.403564453125,0.081787109375,0,NaN
1215,261390322,NaN,NaN,NaN,NaN,-2.06611132621765,8.8974609375,4.3517050743103,3.48572182655334,-38.0220565795898,-11.5714321136475,-0.279052734375,-1.404541015625,0.086669921875,0,NaN
1216,261406989,NaN,NaN,NaN,NaN,-1.86383378505707,8.5881814956665,4.25561761856079,8.87696647644043,-40.8482780456543,-11.3601779937744,-0.27685546875,-1.40966796875,0.091796875,0,NaN
1217,261423656,NaN,NaN,NaN,NaN,-1.57367348670959,8.72324848175049,4.35286045074463,14.0049476623535,-43.5154838562012,-12.3498487472534,-0.275390625,-1.41064453125,0.10302734375,0,NaN
1218,261440323,NaN,NaN,NaN,NaN,-1.61796510219574,9.02548217773438,4.35277414321899,7.50530385971069,-45.1846084594727,-13.4849891662598,-0.2734375,-1.4111328125,0.112060546875,0,NaN
1219,261456990,NaN,NaN,NaN,NaN,-1.69626259803772,9.18623638153076,4.30007076263428,-5.27136754989624,-46.114574432373,-14.0072259902954,-0.272216796875,-1.412353515625,0.1142578125,0,NaN
1220,261473657,NaN,NaN,NaN,NaN,-1.66742050647736,8.89855861663818,4.28817939758301,-9.47697162628174,-46.3024291992188,-14.1844730377197,-0.266845703125,-1.411376953125,0.1142578125,0,NaN
1221,261490324,NaN,NaN,NaN,NaN,-1.69560766220093,8.63829326629639,4.29922723770142,-2.37178158760071,-46.5498046875,-14.1400451660156,-0.265625,-1.412353515625,0.1181640625,0,NaN
1222,261506991,NaN,NaN,NaN,NaN,-1.56248843669891,8.6129035949707,4.2275824546814,3.56705236434937,-45.9608955383301,-14.8796796798706,-0.2646484375,-1.416259765625,0.123291015625,0,NaN
1223,261523658,NaN,NaN,NaN,NaN,-1.42627036571503,8.92356014251709,4.22799873352051,4.65078639984131,-46.5237770080566,-14.3463325500488,-0.259765625,-1.416259765625,0.131103515625,0,NaN
1224,261540325,NaN,NaN,NaN,NaN,-1.57710647583008,9.05430889129639,4.28698873519897,1.14093327522278,-45.9420204162598,-13.8768033981323,-0.25390625,-1.419189453125,0.13330078125,0,NaN
1225,261556992,NaN,NaN,NaN,NaN,-1.70039093494415,8.77186679840088,4.1707181930542,-0.4798703789711,-44.3583679199219,-14.1978940963745,-0.25439453125,-1.417236328125,0.1396484375,0,NaN
1226,261573659,NaN,NaN,NaN,NaN,-1.51002562046051,8.68454265594482,4.08951425552368,5.50004291534424,-43.8992195129395,-15.1581468582153,-0.250732421875,-1.419677734375,0.145263671875,0,NaN
1227,261590326,NaN,NaN,NaN,NaN,-1.30519735813141,8.83207130432129,4.25761556625366,8.52115154266357,-43.8387451171875,-16.1397819519043,-0.24853515625,-1.420166015625,0.153076171875,0,NaN
1228,261606993,NaN,NaN,NaN,NaN,-1.34907054901123,8.93109607696533,4.26309442520142,5.1813793182373,-43.3406524658203,-15.7996978759766,-0.243896484375,-1.421630859375,0.163818359375,0,NaN
1229,261623660,NaN,NaN,NaN,NaN,-1.35557007789612,8.90674114227295,4.08881664276123,1.54101812839508,-41.557201385498,-15.4204006195068,-0.23828125,-1.423583984375,0.16259765625,0,NaN
1230,261640327,NaN,NaN,NaN,NaN,-1.41874933242798,8.75767230987549,4.019935131073,2.36450910568237,-40.0769691467285,-14.7016544342041,-0.2373046875,-1.424072265625,0.165283203125,0,NaN
1231,261656994,NaN,NaN,NaN,NaN,-1.33266520500183,8.64418697357178,4.13900947570801,7.38675498962402,-39.0137901306152,-14.1812887191772,-0.235107421875,-1.42626953125,0.17333984375,0,NaN
1232,261673661,NaN,NaN,NaN,NaN,-1.50038707256317,8.75820350646973,4.25249862670898,12.9916086196899,-38.5810737609863,-13.5121564865112,-0.23193359375,-1.4267578125,0.182861328125,0,NaN
1233,261690328,NaN,NaN,NaN,NaN,-1.56014561653137,8.90033912658691,4.21294116973877,13.2100582122803,-38.1977043151855,-13.2654638290405,-0.22607421875,-1.428955078125,0.18798828125,0,NaN
1234,261706995,NaN,NaN,NaN,NaN,-1.29264867305756,8.86363887786865,4.28490924835205,12.464147567749,-38.75146484375,-13.1728229522705,-0.22509765625,-1.431884765625,0.1923828125,0,NaN
1235,261723662,NaN,NaN,NaN,NaN,-1.39019429683685,9.00912570953369,4.36904525756836,7.4687442779541,-40.2080535888672,-13.9654035568237,-0.218505859375,-1.4306640625,0.2001953125,0,NaN
1236,261740329,NaN,NaN,NaN,NaN,-1.55130934715271,8.92865467071533,4.38572931289673,2.63544273376465,-41.1321716308594,-14.9869871139526,-0.217529296875,-1.432373046875,0.204833984375,0,NaN
1237,261756996,NaN,NaN,NaN,NaN,-1.68543517589569,8.84188270568848,4.39947605133057,6.92264413833618,-42.3771934509277,-14.4207582473755,-0.212158203125,-1.432373046875,0.212646484375,0,NaN
1238,261773663,NaN,NaN,NaN,NaN,-1.56819343566895,8.96475219726562,4.49222326278687,10.5709457397461,-42.5257987976074,-14.3100118637085,-0.208251953125,-1.43408203125,0.21826171875,0,NaN
1239,261790330,NaN,NaN,NaN,NaN,-1.31942594051361,8.94999408721924,4.38980913162231,11.0130662918091,-43.8164024353027,-14.1953973770142,-0.20458984375,-1.43798828125,0.22216796875,0,NaN
1240,261806997,NaN,NaN,NaN,NaN,-1.29287540912628,8.90945053100586,4.56245756149292,10.6223945617676,-44.6633911132812,-14.1760778427124,-0.2001953125,-1.4384765625,0.231201171875,0,NaN
1241,261823664,NaN,NaN,NaN,NaN,-1.26029181480408,9.13961696624756,4.61187124252319,5.63904523849487,-44.2662925720215,-15.1726846694946,-0.193115234375,-1.439208984375,0.2373046875,0,NaN
1242,261840331,NaN,NaN,NaN,NaN,-1.17407250404358,9.18215560913086,4.57870197296143,0.195074260234833,-44.5672073364258,-16.0359687805176,-0.189697265625,-1.43798828125,0.238525390625,0,NaN
1243,261856998,NaN,NaN,NaN,NaN,-1.22468900680542,9.01578426361084,4.57443332672119,-5.40214586257935,-43.7305870056152,-17.898681640625,-0.184814453125,-1.440185546875,0.242431640625,0,NaN
1244,261873665,NaN,NaN,NaN,NaN,-1.42401206493378,8.68390274047852,4.50117874145508,-6.87746095657349,-42.8263854980469,-19.5899143218994,-0.17919921875,-1.4443359375,0.2412109375,0,NaN
1245,261890332,NaN,NaN,NaN,NaN,-1.27776491641998,8.46614360809326,4.50439167022705,-1.5646151304245,-42.5914344787598,-19.9332885742188,-0.175537109375,-1.44384765625,0.24462890625,0,NaN
1246,261906999,NaN,NaN,NaN,NaN,-0.875883996486664,8.68050479888916,4.57989501953125,1.97844862937927,-41.788948059082,-18.737943649292,-0.16943359375,-1.4443359375,0.245849609375,0,NaN
1247,261923666,NaN,NaN,NaN,NaN,-0.659117639064789,8.98198795318604,4.57703256607056,-3.57600498199463,-40.071361541748,-16.8186664581299,-0.16455078125,-1.44677734375,0.2509765625,0,NaN
1248,261940333,NaN,NaN,NaN,NaN,-0.694774389266968,8.75207614898682,4.53530883789062,-10.323826789856,-38.3358345031738,-15.2944889068604,-0.15673828125,-1.44677734375,0.249267578125,0,NaN
1249,261957000,NaN,NaN,NaN,NaN,-0.950779676437378,8.26788330078125,4.51195764541626,-10.1131153106689,-35.6996955871582,-14.8114738464355,-0.14990234375,-1.4462890625,0.246337890625,0,NaN
1250,261973667,NaN,NaN,NaN,NaN,-1.2444441318512,7.99655818939209,4.48409461975098,1.07337558269501,-33.3828125,-14.4249477386475,-0.14892578125,-1.447509765625,0.248046875,0,NaN
1251,261990334,NaN,NaN,NaN,NaN,-1.14360821247101,8.27504348754883,4.56336784362793,12.4660606384277,-31.6348819732666,-13.9123725891113,-0.14501953125,-1.447509765625,0.2548828125,0,NaN
1252,262007001,NaN,NaN,NaN,NaN,-0.885923564434052,8.69060516357422,4.79472875595093,12.8559484481812,-30.5124664306641,-12.6579809188843,-0.137939453125,-1.447509765625,0.25927734375,0,NaN
1253,262023668,NaN,NaN,NaN,NaN,-0.804990351200104,8.68243598937988,4.89873552322388,4.00498867034912,-29.8911895751953,-11.1381568908691,-0.137451171875,-1.44970703125,0.264404296875,0,NaN
1254,262040335,NaN,NaN,NaN,NaN,-0.944534301757812,8.44204998016357,4.80771064758301,0.182587131857872,-29.5344867706299,-9.75841903686523,-0.132568359375,-1.44873046875,0.265625,0,NaN
1255,262057002,NaN,NaN,NaN,NaN,-1.0480580329895,8.43230819702148,4.63930702209473,3.87272334098816,-28.8478298187256,-9.26071262359619,-0.130859375,-1.450439453125,0.265625,0,NaN
1256,262073669,NaN,NaN,NaN,NaN,-0.985973715782166,8.53516101837158,4.58325672149658,9.02353191375732,-28.481330871582,-9.1243896484375,-0.126708984375,-1.451416015625,0.2734375,0,NaN
1257,262090336,NaN,NaN,NaN,NaN,-0.916608870029449,8.72975635528564,4.63585329055786,9.82113933563232,-28.1723098754883,-8.52237224578857,-0.123779296875,-1.450927734375,0.27734375,0,NaN
1258,262107003,NaN,NaN,NaN,NaN,-0.891785562038422,8.75662136077881,4.61493873596191,7.46486330032349,-27.5481433868408,-7.82371807098389,-0.118896484375,-1.451416015625,0.282470703125,0,NaN
1259,262123670,NaN,NaN,NaN,NaN,-0.788156628608704,8.72129535675049,4.51223707199097,4.34386825561523,-26.0988082885742,-7.3995795249939,-0.117431640625,-1.4521484375,0.28173828125,0,NaN
1260,262140337,NaN,NaN,NaN,NaN,-0.573123455047607,8.80186748504639,4.40498733520508,3.5401246547699,-24.0089340209961,-6.87712717056274,-0.116943359375,-1.45361328125,0.287353515625,0,NaN
1261,262157004,NaN,NaN,NaN,NaN,-0.599366545677185,8.92866611480713,4.33671092987061,3.45316767692566,-21.5197620391846,-6.56156253814697,-0.1123046875,-1.45166015625,0.287353515625,0,NaN
1262,262173671,NaN,NaN,NaN,NaN,-0.937487423419952,8.88543128967285,4.27880668640137,3.59366512298584,-18.1809825897217,-7.14980792999268,-0.114013671875,-1.450439453125,0.290283203125,0,NaN
1263,262190338,NaN,NaN,NaN,NaN,-0.983237564563751,8.68982601165771,4.34801721572876,5.06738185882568,-15.1826105117798,-7.89622449874878,-0.10693359375,-1.454345703125,0.29296875,0,NaN
1264,262207005,NaN,NaN,NaN,NaN,-0.971428453922272,8.70742130279541,4.51365804672241,5.30478620529175,-12.7790460586548,-8.74975490570068,-0.10595703125,-1.453857421875,0.2919921875,0,NaN
1265,262223672,NaN,NaN,NaN,NaN,-1.00452780723572,8.71363830566406,4.57063102722168,1.60898458957672,-11.0127124786377,-9.67388534545898,-0.103759765625,-1.45654296875,0.29296875,0,NaN
1266,262240339,NaN,NaN,NaN,NaN,-0.964961588382721,8.5492639541626,4.60526418685913,-2.96363520622253,-10.6312522888184,-9.84590148925781,-0.09814453125,-1.45458984375,0.29296875,0,NaN
1267,262257006,NaN,NaN,NaN,NaN,-0.941020369529724,8.52465057373047,4.68219089508057,0.188464760780334,-11.9228343963623,-8.22022151947021,-0.095947265625,-1.457275390625,0.29248046875,0,NaN
1268,262273673,NaN,NaN,NaN,NaN,-1.24987232685089,8.71208000183105,4.75004816055298,2.65172934532166,-12.4699096679688,-7.04408693313599,-0.095947265625,-1.455078125,0.29541015625,0,NaN
1269,262290340,NaN,NaN,NaN,NaN,-1.37932896614075,8.47302532196045,4.50923538208008,4.26954460144043,-13.5340557098389,-5.71889781951904,-0.0908203125,-1.4541015625,0.294189453125,0,NaN
1270,262307007,NaN,NaN,NaN,NaN,-1.25465524196625,8.38565921783447,4.62758588790894,8.57954120635986,-15.4243450164795,-4.80059432983398,-0.092041015625,-1.4541015625,0.298095703125,0,NaN
1271,262323674,NaN,NaN,NaN,NaN,-1.16243779659271,8.57771968841553,4.75712394714355,5.3943920135498,-15.4923048019409,-5.84470796585083,-0.087158203125,-1.456787109375,0.302734375,0,NaN
1272,262340341,NaN,NaN,NaN,NaN,-1.2760556936264,8.36059665679932,4.69052267074585,0.15364433825016,-16.2902164459229,-6.16846656799316,-0.083740234375,-1.4541015625,0.301025390625,0,NaN
1273,262357008,NaN,NaN,NaN,NaN,-1.06728839874268,8.12358474731445,4.69494581222534,-3.15890693664551,-16.1032218933105,-6.2947244644165,-0.083740234375,-1.455078125,0.30322265625,0,NaN
1274,262373675,NaN,NaN,NaN,NaN,-0.672244429588318,8.26746654510498,4.64208364486694,-1.58349394798279,-16.2690887451172,-4.80423021316528,-0.083740234375,-1.455810546875,0.301513671875,0,NaN
1275,262390342,NaN,NaN,NaN,NaN,-0.791113615036011,8.52752494812012,4.66787910461426,-3.30530905723572,-15.3238248825073,-2.88004851341248,-0.08056640625,-1.45458984375,0.301025390625,0,NaN
1276,262407009,NaN,NaN,NaN,NaN,-0.998644351959229,8.32464981079102,4.54537010192871,-6.75900459289551,-13.8234786987305,-0.895266950130463,-0.078857421875,-1.4580078125,0.300537109375,0,NaN
1277,262423676,NaN,NaN,NaN,NaN,-1.06909954547882,8.06823444366455,4.68425703048706,-5.3242301940918,-12.9455509185791,0.648725271224976,-0.079345703125,-1.4541015625,0.29931640625,0,NaN
1278,262440343,NaN,NaN,NaN,NaN,-0.962616443634033,8.10828304290771,4.774245262146,-3.72302508354187,-11.1453838348389,0.117799259722233,-0.078125,-1.453125,0.2998046875,0,NaN
1279,262457010,NaN,NaN,NaN,NaN,-0.68055647611618,8.25213146209717,4.82592964172363,-1.33306467533112,-10.9465780258179,0.454286247491837,-0.079833984375,-1.458740234375,0.29638671875,0,NaN
1280,262473677,NaN,NaN,NaN,NaN,-0.48853588104248,8.6082239151001,4.93112707138062,-4.44714832305908,-11.0062818527222,2.08297324180603,-0.08154296875,-1.45703125,0.29541015625,0,NaN
1281,262490344,NaN,NaN,NaN,NaN,-0.782049477100372,8.78992938995361,4.87595319747925,-10.4722080230713,-9.63987255096436,4.44217443466187,-0.083251953125,-1.4541015625,0.2958984375,0,NaN
1282,262507011,NaN,NaN,NaN,NaN,-0.923213362693787,8.54834842681885,4.69649124145508,-10.8201818466187,-7.86164522171021,5.95692253112793,-0.08349609375,-1.454833984375,0.289794921875,0,NaN
1283,262523678,NaN,NaN,NaN,NaN,-0.755580723285675,8.62928581237793,4.74734830856323,-3.10029053688049,-6.92755889892578,6.13875818252563,-0.0830078125,-1.455810546875,0.28857421875,0,NaN
1284,262540345,NaN,NaN,NaN,NaN,-0.763254523277283,8.97809791564941,4.97259521484375,-3.06919622421265,-5.62732887268066,4.67091846466064,-0.0869140625,-1.455810546875,0.28759765625,0,NaN
1285,262557012,NaN,NaN,NaN,NaN,-0.881193339824677,8.92664051055908,4.93094730377197,-9.93701457977295,-4.33341455459595,2.93884706497192,-0.086669921875,-1.4541015625,0.282470703125,0,NaN
1286,262573679,NaN,NaN,NaN,NaN,-0.834979832172394,8.74149131774902,4.95394325256348,-11.2945909500122,-4.21235656738281,2.70323634147644,-0.08837890625,-1.453125,0.28076171875,0,NaN
1287,262590346,NaN,NaN,NaN,NaN,-0.704402029514313,8.88557720184326,4.90800142288208,-9.46490669250488,-3.60100555419922,1.91657972335815,-0.0888671875,-1.453125,0.275634765625,0,NaN
1288,262607013,NaN,NaN,NaN,NaN,-0.630559086799622,9.04336738586426,4.83695316314697,-5.09143352508545,-3.90480971336365,2.0832667350769,-0.091064453125,-1.45263671875,0.275634765625,0,NaN
1289,262623680,NaN,NaN,NaN,NaN,-0.855746746063232,9.10157203674316,4.93419170379639,-5.87939596176147,-3.51365280151367,2.37211394309998,-0.087158203125,-1.453857421875,0.271728515625,0,NaN
1290,262640347,NaN,NaN,NaN,NaN,-0.857234179973602,8.96050453186035,4.79862308502197,-6.62513446807861,-2.40945076942444,1.81616461277008,-0.08984375,-1.454345703125,0.27294921875,0,NaN
1291,262657014,NaN,NaN,NaN,NaN,-0.694380700588226,8.90275955200195,4.81583690643311,-1.23240637779236,-2.12612318992615,0.277788937091827,-0.09033203125,-1.45263671875,0.271728515625,0,NaN
1292,262673681,NaN,NaN,NaN,NaN,-0.778886616230011,9.11594390869141,4.90620756149292,-0.83625465631485,-1.85911071300507,-1.71874034404755,-0.091552734375,-1.4521484375,0.26953125,0,NaN
1293,262690348,NaN,NaN,NaN,NaN,-0.806927084922791,9.01607036590576,4.86640548706055,-5.59804058074951,-1.05885481834412,-3.10303020477295,-0.088134765625,-1.453125,0.26953125,0,NaN
1294,262707015,NaN,NaN,NaN,NaN,-0.761315286159515,8.97317790985107,4.89558506011963,-5.80619430541992,-1.40164220333099,-3.40666842460632,-0.0869140625,-1.454345703125,0.267333984375,0,NaN
1295,262723682,NaN,NaN,NaN,NaN,-0.907016038894653,8.93886470794678,4.85229015350342,-7.71814632415771,-1.18842971324921,-4.42193174362183,-0.08251953125,-1.454345703125,0.26513671875,0,NaN
1296,262740349,NaN,NaN,NaN,NaN,-0.882693886756897,8.65741539001465,4.74702596664429,-7.01844501495361,-1.10069334506989,-4.96265411376953,-0.084716796875,-1.458251953125,0.262939453125,0,NaN
1297,262757016,NaN,NaN,NaN,NaN,-0.696295320987701,8.59997081756592,4.83264923095703,-2.61113810539246,-1.66532492637634,-5.19485759735107,-0.081787109375,-1.452392578125,0.26123046875,0,NaN
1298,262773683,NaN,NaN,NaN,NaN,-0.822129487991333,8.79823684692383,4.94557905197144,-3.13809370994568,-1.90713465213776,-5.01076650619507,-0.080322265625,-1.455078125,0.2587890625,0,NaN
1299,262790350,NaN,NaN,NaN,NaN,-0.992845118045807,8.54485034942627,4.84371137619019,-5.03101348876953,-1.82705640792847,-4.67799377441406,-0.077880859375,-1.455810546875,0.256103515625,0,NaN
1300,262807017,NaN,NaN,NaN,NaN,-0.884068727493286,8.23222351074219,4.87763261795044,-2.28342366218567,-2.23866534233093,-4.25140142440796,-0.076904296875,-1.45361328125,0.256591796875,0,NaN
1301,262823684,NaN,NaN,NaN,NaN,-0.717169284820557,8.2688159942627,4.97948980331421,-1.87942159175873,-2.51398921012878,-3.98093152046204,-0.073974609375,-1.45458984375,0.2587890625,0,NaN
1302,262840351,NaN,NaN,NaN,NaN,-0.74524313211441,8.36466312408447,4.95527839660645,-3.81745719909668,-2.62860560417175,-2.9059784412384,-0.073486328125,-1.4541015625,0.252685546875,0,NaN
1303,262857018,NaN,NaN,NaN,NaN,-0.822310447692871,8.38953876495361,4.88806390762329,-3.14037299156189,-2.49614953994751,-1.26964700222015,-0.073974609375,-1.45361328125,0.252197265625,0,NaN
1304,262873685,NaN,NaN,NaN,NaN,-0.818369925022125,8.43722438812256,4.87142515182495,-1.46763324737549,-1.72194194793701,-0.588259696960449,-0.074951171875,-1.454833984375,0.251708984375,0,NaN
1305,262890352,NaN,NaN,NaN,NaN,-0.812097549438477,8.47449398040771,4.89281368255615,1.75521922111511,-0.995616972446442,-0.84655100107193,-0.0712890625,-1.455322265625,0.251708984375,0,NaN
1306,262907019,NaN,NaN,NaN,NaN,-0.945426940917969,8.51251316070557,4.94899320602417,1.68238925933838,0.08857511729002,-1.92004299163818,-0.073974609375,-1.454833984375,0.25341796875,0,NaN
1307,262923686,NaN,NaN,NaN,NaN,-0.946399450302124,8.47655963897705,4.99483060836792,0.309843242168427,0.221607491374016,-2.7524688243866,-0.073486328125,-1.455322265625,0.251708984375,0,NaN
1308,262940353,NaN,NaN,NaN,NaN,-0.945366203784943,8.47723197937012,5.16630744934082,-0.949949324131012,0.197531521320343,-3.33624625205994,-0.069580078125,-1.454345703125,0.252685546875,0,NaN
1309,262957020,NaN,NaN,NaN,NaN,-0.961623013019562,8.49199295043945,5.10997343063354,-2.90520977973938,-0.392488956451416,-2.92657065391541,-0.06884765625,-1.4560546875,0.25048828125,0,NaN
1310,262973687,NaN,NaN,NaN,NaN,-1.02687799930573,8.41954898834229,5.02279758453369,-2.62545561790466,-1.10759568214417,-2.04924654960632,-0.0673828125,-1.457763671875,0.24951171875,0,NaN
1311,262990354,NaN,NaN,NaN,NaN,-1.01768219470978,8.3515682220459,5.03266525268555,-0.00359858456067741,-1.78421914577484,-1.12551164627075,-0.066650390625,-1.45703125,0.24658203125,0,NaN
1312,263007021,NaN,NaN,NaN,NaN,-0.965718924999237,8.42428016662598,5.02372550964355,2.59367632865906,-2.53327536582947,-0.468110531568527,-0.070068359375,-1.454833984375,0.248291015625,0,NaN
1313,263023688,NaN,NaN,NaN,NaN,-0.998514950275421,8.57644844055176,4.98681402206421,2.34112238883972,-2.59497618675232,-0.520245134830475,-0.066650390625,-1.457763671875,0.25048828125,0,NaN
1314,263040355,NaN,NaN,NaN,NaN,-0.981875002384186,8.49116706848145,4.99685668945312,-0.151319846510887,-2.55089688301086,-0.778267562389374,-0.065185546875,-1.45654296875,0.2509765625,0,NaN
1315,263057022,NaN,NaN,NaN,NaN,-0.932328939437866,8.36623191833496,5.04749727249146,0.862949550151825,-2.53230214118958,-1.02364993095398,-0.066162109375,-1.457763671875,0.248291015625,0,NaN
1316,263073689,NaN,NaN,NaN,NaN,-0.934531390666962,8.40755653381348,5.02560710906982,1.33725821971893,-2.16278767585754,-1.31051230430603,-0.06494140625,-1.457763671875,0.247802734375,0,NaN
1317,263090356,NaN,NaN,NaN,NaN,-0.896461665630341,8.52117538452148,4.93933725357056,0.444258660078049,-1.75671088695526,-0.593407809734344,-0.064453125,-1.45556640625,0.248779296875,0,NaN
1318,263107023,NaN,NaN,NaN,NaN,-0.935358583927155,8.52499103546143,4.9830527305603,-0.562288403511047,-0.95706969499588,0.15739643573761,-0.062744140625,-1.454833984375,0.247802734375,0,NaN
1319,263123690,NaN,NaN,NaN,NaN,-0.987344086170197,8.35160636901855,4.95538282394409,-0.630174815654755,0.0694296211004257,0.408183187246323,-0.067138671875,-1.45703125,0.2470703125,0,NaN
1320,263140357,NaN,NaN,NaN,NaN,-0.955666065216064,8.27686977386475,4.92050790786743,2.46207857131958,0.655064046382904,0.142822816967964,-0.063232421875,-1.45556640625,0.2470703125,0,NaN
1321,263157024,NaN,NaN,NaN,NaN,-0.941681623458862,8.46331787109375,4.98295497894287,4.43690729141235,0.979474544525146,-0.308428108692169,-0.066162109375,-1.457763671875,0.25048828125,0,NaN
1322,263173691,NaN,NaN,NaN,NaN,-0.984883666038513,8.61917400360107,5.05757522583008,2.54911041259766,1.3903534412384,-0.213251352310181,-0.06494140625,-1.45556640625,0.247802734375,0,NaN
1323,263190358,NaN,NaN,NaN,NaN,-1.00324547290802,8.49761962890625,4.96938419342041,-0.0870703682303429,1.85848939418793,-0.202084198594093,-0.06494140625,-1.458251953125,0.24951171875,0,NaN
1324,263207025,NaN,NaN,NaN,NaN,-0.99343466758728,8.40156650543213,4.947181224823,-0.0545038245618343,1.45754826068878,-0.208269670605659,-0.0654296875,-1.45703125,0.2470703125,0,NaN
1325,263223692,NaN,NaN,NaN,NaN,-0.998208343982697,8.46974277496338,4.93730306625366,-0.689737141132355,0.743414998054504,-0.15648078918457,-0.062744140625,-1.45556640625,0.247802734375,0,NaN
1326,263240359,NaN,NaN,NaN,NaN,-1.05057489871979,8.51435279846191,4.95177412033081,-0.441588491201401,0.256338268518448,0.216446503996849,-0.06103515625,-1.45556640625,0.247802734375,0,NaN
1327,263257026,NaN,NaN,NaN,NaN,-1.04736387729645,8.45815181732178,4.91083717346191,-0.369219869375229,-0.346091568470001,0.451596677303314,-0.0654296875,-1.45556640625,0.24609375,0,NaN
1328,263273693,NaN,NaN,NaN,NaN,-1.02850794792175,8.4616060256958,4.81182765960693,-0.299540519714355,-1.09674859046936,0.128633365035057,-0.063232421875,-1.4560546875,0.2470703125,0,NaN
1329,263290360,NaN,NaN,NaN,NaN,-0.962581276893616,8.52705764770508,4.85736846923828,-0.87930953502655,-1.51144373416901,-0.209089264273643,-0.064453125,-1.457275390625,0.24609375,0,NaN
1330,263307027,NaN,NaN,NaN,NaN,-0.989717781543732,8.52575397491455,4.94301891326904,-0.717988014221191,-2.05029678344727,-0.386713355779648,-0.064453125,-1.457763671875,0.24609375,0,NaN
1331,263323694,NaN,NaN,NaN,NaN,-1.02614772319794,8.4709300994873,4.84016513824463,-0.860689103603363,-2.03637599945068,-0.255845248699188,-0.062744140625,-1.45947265625,0.244873046875,0,NaN
1332,263340361,NaN,NaN,NaN,NaN,-0.978252649307251,8.49934387207031,4.82668018341064,0.295295238494873,-2.07934141159058,0.071376197040081,-0.064453125,-1.45654296875,0.2431640625,0,NaN
1333,263357028,NaN,NaN,NaN,NaN,-0.941402614116669,8.51461029052734,4.90333843231201,-0.380515098571777,-1.69440829753876,-0.0968416258692741,-0.063720703125,-1.458251953125,0.243896484375,0,NaN
1334,263373695,NaN,NaN,NaN,NaN,-0.938082993030548,8.42955493927002,4.89882850646973,-0.964702308177948,-1.56561470031738,-0.0460388250648975,-0.0615234375,-1.458984375,0.244873046875,0,NaN
1335,263390362,NaN,NaN,NaN,NaN,-1.01732897758484,8.38405895233154,4.90412855148315,1.75568020343781,-1.58335161209106,0.190436825156212,-0.062255859375,-1.45556640625,0.244384765625,0,NaN
1336,263407029,NaN,NaN,NaN,NaN,-1.03808426856995,8.51865768432617,4.88311767578125,4.04117774963379,-1.08172678947449,0.111319191753864,-0.059326171875,-1.456787109375,0.24609375,0,NaN
1337,263423696,NaN,NaN,NaN,NaN,-0.973498821258545,8.55988311767578,4.91704559326172,3.30472326278687,-0.858832240104675,-0.14962936937809,-0.063720703125,-1.4560546875,0.244384765625,0,NaN
1338,263440363,NaN,NaN,NaN,NaN,-0.984690725803375,8.45719051361084,4.99828195571899,1.09127390384674,-0.988663077354431,-0.0225135628134012,-0.062255859375,-1.45654296875,0.248779296875,0,NaN
1339,263457030,NaN,NaN,NaN,NaN,-1.17046082019806,8.29551219940186,5.01623392105103,3.42300319671631,-1.01387882232666,1.20152390003204,-0.062744140625,-1.457275390625,0.248779296875,0,NaN
1340,263473697,NaN,NaN,NaN,NaN,-1.13381159305573,8.42798709869385,4.92027616500854,13.1587562561035,-0.879976093769073,2.36135792732239,-0.061767578125,-1.4560546875,0.248779296875,0,NaN
1341,263490364,NaN,NaN,NaN,NaN,-0.96388179063797,8.79650497436523,4.97099542617798,13.6671161651611,0.214973911643028,1.59720242023468,-0.065673828125,-1.459228515625,0.25,0,NaN
1342,263507031,NaN,NaN,NaN,NaN,-0.832123160362244,8.86375904083252,5.06149673461914,1.40424835681915,0.119374394416809,-0.0341673418879509,-0.0634765625,-1.45654296875,0.25390625,0,NaN
1343,263523698,NaN,NaN,NaN,NaN,-0.891331553459167,8.59946060180664,5.13561344146729,-8.15257549285889,0.00214506429620087,-1.00052201747894,-0.062255859375,-1.458251953125,0.252197265625,0,NaN
1344,263540365,NaN,NaN,NaN,NaN,-1.10004103183746,8.47802543640137,4.9869532585144,-7.30926370620728,0.293707281351089,-1.86495053768158,-0.06005859375,-1.457275390625,0.25048828125,0,NaN
1345,263557032,NaN,NaN,NaN,NaN,-1.20885169506073,8.45305061340332,4.79029035568237,1.7747745513916,0.108501806855202,-2.0160653591156,-0.062744140625,-1.45947265625,0.248291015625,0,NaN
1346,263573699,NaN,NaN,NaN,NaN,-1.08495771884918,8.64143848419189,4.9642071723938,7.45199680328369,0.0145159997045994,-1.43091773986816,-0.05908203125,-1.457275390625,0.252197265625,0,NaN
1347,263590366,NaN,NaN,NaN,NaN,-0.954423308372498,8.70777416229248,5.09103298187256,2.72051048278809,-0.115052260458469,-0.794224143028259,-0.061279296875,-1.458740234375,0.25390625,0,NaN
1348,263607033,NaN,NaN,NaN,NaN,-0.991907060146332,8.49161338806152,5.00192213058472,-1.67249655723572,-0.471248120069504,-0.361241549253464,-0.057861328125,-1.461181640625,0.252197265625,0,NaN
1349,263623700,NaN,NaN,NaN,NaN,-1.06827759742737,8.43775272369385,4.94749927520752,0.000288142822682858,-0.466688960790634,-0.493415743112564,-0.0595703125,-1.457763671875,0.25,0,NaN
1350,263640367,NaN,NaN,NaN,NaN,-1.05658006668091,8.50279426574707,4.94326972961426,3.58593821525574,0.155808463692665,-1.08444178104401,-0.0595703125,-1.457275390625,0.24951171875,0,NaN
1351,263657034,NaN,NaN,NaN,NaN,-1.04287326335907,8.53945255279541,5.0032901763916,3.63770198822021,0.837362468242645,-1.30199611186981,-0.058349609375,-1.457275390625,0.25341796875,0,NaN
1352,263673701,NaN,NaN,NaN,NaN,-1.01637327671051,8.54311275482178,5.00037384033203,2.14705467224121,1.15656065940857,-0.890732824802399,-0.05908203125,-1.457763671875,0.252197265625,0,NaN
1353,263690368,NaN,NaN,NaN,NaN,-0.998317658901215,8.56192207336426,4.96883535385132,1.7018678188324,1.81209206581116,-0.950705051422119,-0.05908203125,-1.458251953125,0.252197265625,0,NaN
1354,263707035,NaN,NaN,NaN,NaN,-1.05502903461456,8.58848190307617,4.90821123123169,0.409796804189682,2.39829015731812,-1.15003597736359,-0.057373046875,-1.457275390625,0.24951171875,0,NaN
1355,263723702,NaN,NaN,NaN,NaN,-1.11593985557556,8.54637813568115,5.00250387191772,0.120360486209393,2.52759575843811,-1.31487929821014,-0.05517578125,-1.457763671875,0.252197265625,0,NaN
1356,263740369,NaN,NaN,NaN,NaN,-1.10390067100525,8.46956443786621,5.06683206558228,-0.927000522613525,3.05389833450317,-1.8322046995163,-0.0556640625,-1.457763671875,0.251220703125,0,NaN
1357,263757036,NaN,NaN,NaN,NaN,-1.14619922637939,8.43833160400391,5.02066326141357,-0.283148437738419,2.19130110740662,-1.61672496795654,-0.05517578125,-1.458984375,0.25048828125,0,NaN
1358,263773703,NaN,NaN,NaN,NaN,-1.13331651687622,8.49200439453125,4.9734411239624,-0.658694565296173,2.11525678634644,-1.35982942581177,-0.054443359375,-1.457763671875,0.251220703125,0,NaN
1359,263790370,NaN,NaN,NaN,NaN,-1.07803666591644,8.39904403686523,4.92172193527222,-0.387584209442139,2.18690824508667,-1.02308654785156,-0.057373046875,-1.460693359375,0.25,0,NaN
1360,263807037,NaN,NaN,NaN,NaN,-0.994142711162567,8.34839153289795,4.95580768585205,-0.121749967336655,2.2836217880249,-0.773490786552429,-0.0517578125,-1.458984375,0.251708984375,0,NaN
1361,263823704,NaN,NaN,NaN,NaN,-1.02830266952515,8.43526077270508,4.96164226531982,-1.01236760616302,2.18295121192932,-0.333989590406418,-0.052734375,-1.460693359375,0.248779296875,0,NaN
1362,263840371,NaN,NaN,NaN,NaN,-1.1002037525177,8.51233863830566,4.94700813293457,-1.48707342147827,2.25128579139709,0.213705971837044,-0.051513671875,-1.460205078125,0.244873046875,0,NaN
1363,263857038,NaN,NaN,NaN,NaN,-1.20359885692596,8.48587608337402,4.92126989364624,-1.56305360794067,2.59709596633911,0.335123002529144,-0.051025390625,-1.4580078125,0.243896484375,0,NaN
1364,263873705,NaN,NaN,NaN,NaN,-1.20297515392303,8.46321773529053,4.87726449966431,-2.9353175163269,2.96812105178833,-0.174230381846428,-0.051025390625,-1.459716796875,0.244873046875,0,NaN
1365,263890372,NaN,NaN,NaN,NaN,-1.17261731624603,8.45618343353271,4.97251892089844,-1.29647636413574,2.59988713264465,-0.617048323154449,-0.051513671875,-1.459716796875,0.244873046875,0,NaN
1366,263907039,NaN,NaN,NaN,NaN,-1.1456470489502,8.48698043823242,4.96509695053101,-1.12111902236938,2.83247637748718,-1.25457394123077,-0.05322265625,-1.460205078125,0.244873046875,0,NaN
1367,263923706,NaN,NaN,NaN,NaN,-1.13485956192017,8.46615886688232,4.92743301391602,-0.749504446983337,2.64038133621216,-1.25548326969147,-0.050537109375,-1.460205078125,0.243896484375,0,NaN
1368,263940373,NaN,NaN,NaN,NaN,-1.17881536483765,8.45711708068848,4.92691564559937,-2.03354573249817,2.0319516658783,-0.716528117656708,-0.04931640625,-1.45849609375,0.240478515625,0,NaN
1369,263957040,NaN,NaN,NaN,NaN,-1.25408971309662,8.54966068267822,5.01582145690918,-3.27002429962158,1.82516717910767,-0.461079776287079,-0.050537109375,-1.460693359375,0.240966796875,0,NaN
1370,263973707,NaN,NaN,NaN,NaN,-1.23104381561279,8.41857242584229,4.97555541992188,-2.1239972114563,1.29312765598297,-0.33829253911972,-0.051513671875,-1.45849609375,0.236572265625,0,NaN
1371,263990374,NaN,NaN,NaN,NaN,-1.25399363040924,8.44732761383057,4.98331832885742,0.928287386894226,0.225705474615097,-0.25721549987793,-0.050537109375,-1.459228515625,0.240478515625,0,NaN
1372,264007041,NaN,NaN,NaN,NaN,-1.25427198410034,8.5272855758667,4.93975400924683,0.857570767402649,0.655665934085846,-1.04430663585663,-0.04931640625,-1.459716796875,0.2353515625,0,NaN
1373,264023708,NaN,NaN,NaN,NaN,-1.26064014434814,8.49219512939453,4.93367958068848,-1.72014880180359,0.779503285884857,-1.5828777551651,-0.047119140625,-1.46044921875,0.236083984375,0,NaN
1374,264040375,NaN,NaN,NaN,NaN,-1.18005514144897,8.44834327697754,5.03538084030151,-4.96887683868408,1.06447041034698,-2.22178673744202,-0.04931640625,-1.459228515625,0.236083984375,0,NaN
1375,264057042,NaN,NaN,NaN,NaN,-1.18318057060242,8.34568977355957,5.06564664840698,-5.55312871932983,0.71713650226593,-2.0838623046875,-0.04638671875,-1.462158203125,0.23193359375,0,NaN
1376,264073709,NaN,NaN,NaN,NaN,-1.2258278131485,8.31330013275146,5.00035905838013,-3.8481285572052,0.655243277549744,-1.37386500835419,-0.04638671875,-1.46044921875,0.2314453125,0,NaN
1377,264090376,NaN,NaN,NaN,NaN,-1.21376633644104,8.31906700134277,4.89600992202759,-1.55018305778503,0.643346130847931,-0.716156661510468,-0.044677734375,-1.46044921875,0.23095703125,0,NaN
1378,264107043,NaN,NaN,NaN,NaN,-1.17539393901825,8.30803203582764,4.94600820541382,0.771012723445892,0.928492426872253,-0.286029845476151,-0.046875,-1.46044921875,0.229248046875,0,NaN
1379,264123710,NaN,NaN,NaN,NaN,-1.15365839004517,8.33761787414551,4.98861980438232,-0.0869551151990891,1.46291410923004,-0.145569771528244,-0.044189453125,-1.45703125,0.229736328125,0,NaN
1380,264140377,NaN,NaN,NaN,NaN,-1.23427295684814,8.3502025604248,5.00702524185181,-0.865798950195312,0.937725841999054,-0.0862763822078705,-0.044189453125,-1.4599609375,0.23046875,0,NaN
1381,264157044,NaN,NaN,NaN,NaN,-1.30164325237274,8.36885833740234,4.98276376724243,-0.500741124153137,1.13500761985779,-0.350394546985626,-0.045166015625,-1.4609375,0.229736328125,0,NaN
1382,264173711,NaN,NaN,NaN,NaN,-1.27117705345154,8.3990306854248,4.97950220108032,0.896156251430511,0.953580141067505,-0.59128201007843,-0.04296875,-1.462646484375,0.22802734375,0,NaN
1383,264190378,NaN,NaN,NaN,NaN,-1.22956883907318,8.41737747192383,4.99412107467651,0.610331416130066,0.671904385089874,-0.741756498813629,-0.04345703125,-1.4599609375,0.228759765625,0,NaN
1384,264207045,NaN,NaN,NaN,NaN,-1.26280844211578,8.46482753753662,5.00369644165039,-0.433264404535294,-0.209345400333405,-0.374252736568451,-0.0439453125,-1.458740234375,0.2275390625,0,NaN
1385,264223712,NaN,NaN,NaN,NaN,-1.29386448860168,8.39407348632812,4.9149341583252,-2.60040640830994,-1.38533985614777,0.0167955290526152,-0.04345703125,-1.461669921875,0.225341796875,0,NaN
1386,264240379,NaN,NaN,NaN,NaN,-1.24703729152679,8.32963752746582,4.85871887207031,-0.534370541572571,-2.44254231452942,0.245773077011108,-0.04345703125,-1.461669921875,0.225830078125,0,NaN
1387,264257046,NaN,NaN,NaN,NaN,-1.27928805351257,8.37708187103271,4.89265298843384,-0.0723814889788628,-2.67716765403748,-0.201917737722397,-0.0439453125,-1.4609375,0.225830078125,0,NaN
1388,264273713,NaN,NaN,NaN,NaN,-1.25804972648621,8.43033409118652,4.89179658889771,-1.32680177688599,-3.15785360336304,-0.684640228748322,-0.041259765625,-1.462158203125,0.225341796875,0,NaN
1389,264290380,NaN,NaN,NaN,NaN,-1.07253205776215,8.26090812683105,4.97060346603394,-0.439577996730804,-2.77151203155518,-0.0738798379898071,-0.04296875,-1.462646484375,0.224853515625,0,NaN
1390,264307047,NaN,NaN,NaN,NaN,-1.133904337883,8.26452541351318,4.99915409088135,0.966399073600769,-1.7304322719574,0.64366626739502,-0.045166015625,-1.46435546875,0.224853515625,0,NaN
1391,264323714,NaN,NaN,NaN,NaN,-1.21430039405823,8.35630512237549,5.05212736129761,1.97067332267761,-0.525009155273438,0.923754096031189,-0.04296875,-1.46044921875,0.224853515625,0,NaN
1392,264340381,NaN,NaN,NaN,NaN,-1.23657298088074,8.3844108581543,5.08706951141357,1.70410883426666,-0.384024024009705,0.790593564510345,-0.04296875,-1.462158203125,0.22314453125,0,NaN
1393,264357048,NaN,NaN,NaN,NaN,-1.28689825534821,8.40898704528809,5.06952095031738,0.50152862071991,-0.00813203118741512,0.202551618218422,-0.04296875,-1.46044921875,0.22705078125,0,NaN
1394,264373715,NaN,NaN,NaN,NaN,-1.1848475933075,8.38812637329102,5.05388164520264,-0.523574769496918,-0.0245369654148817,-0.171874016523361,-0.044677734375,-1.46044921875,0.22705078125,0,NaN
1395,264390382,NaN,NaN,NaN,NaN,-1.22788858413696,8.30527591705322,5.02486085891724,-0.669195830821991,-0.986024916172028,0.472855240106583,-0.042236328125,-1.462890625,0.221923828125,0,NaN
1396,264407049,NaN,NaN,NaN,NaN,-1.20526969432831,8.39989948272705,5.0429310798645,1.49998843669891,-0.802599608898163,0.798584759235382,-0.04345703125,-1.462158203125,0.2236328125,0,NaN
1397,264423716,NaN,NaN,NaN,NaN,-1.26576781272888,8.34071063995361,5.02809572219849,3.95532464981079,-1.00588762760162,1.0328129529953,-0.04248046875,-1.461181640625,0.225830078125,0,NaN
1398,264440383,NaN,NaN,NaN,NaN,-1.22914505004883,8.43829250335693,5.09371423721313,4.68181610107422,-1.39900410175323,0.629579365253448,-0.04248046875,-1.46044921875,0.2275390625,0,NaN
1399,264457050,NaN,NaN,NaN,NaN,-1.20546281337738,8.58688354492188,5.17799854278564,1.64334285259247,-1.3783346414566,0.418838083744049,-0.0419921875,-1.4599609375,0.228759765625,0,NaN
1400,264473717,NaN,NaN,NaN,NaN,-1.2139949798584,8.50399398803711,5.19912576675415,-1.24144768714905,-1.04973661899567,0.42726469039917,-0.04345703125,-1.462158203125,0.22705078125,0,NaN
1401,264490384,NaN,NaN,NaN,NaN,-1.26768898963928,8.36317920684814,5.10578536987305,0.251471906900406,-0.807273805141449,0.4485744535923,-0.04296875,-1.4609375,0.225830078125,0,NaN
1402,264507051,NaN,NaN,NaN,NaN,-1.24314832687378,8.42619132995605,5.07414436340332,3.4310839176178,-0.590974628925323,0.160149812698364,-0.04345703125,-1.462646484375,0.225341796875,0,NaN
1403,264523718,NaN,NaN,NaN,NaN,-1.22399532794952,8.57921123504639,5.05036020278931,2.54904627799988,0.0179737117141485,-0.372203707695007,-0.0439453125,-1.4609375,0.2265625,0,NaN
1404,264540385,NaN,NaN,NaN,NaN,-1.20318996906281,8.54166030883789,5.01605272293091,-0.55219691991806,0.133858367800713,-0.612207531929016,-0.041748046875,-1.462158203125,0.22705078125,0,NaN
1405,264557052,NaN,NaN,NaN,NaN,-1.22949397563934,8.3749418258667,5.01364755630493,-2.45992040634155,0.0250043999403715,-0.523190557956696,-0.041748046875,-1.461669921875,0.225830078125,0,NaN
1406,264573719,NaN,NaN,NaN,NaN,-1.25424385070801,8.25558471679688,5.03822898864746,-0.160783722996712,-0.602615594863892,-0.297504305839539,-0.041259765625,-1.461669921875,0.22314453125,0,NaN
1407,264590386,NaN,NaN,NaN,NaN,-1.25705707073212,8.24326324462891,5.08243036270142,1.8978818655014,-0.907534837722778,-0.134966120123863,-0.041748046875,-1.46044921875,0.22705078125,0,NaN
1408,264607053,NaN,NaN,NaN,NaN,-1.26110827922821,8.36679553985596,5.07084560394287,1.13322758674622,-1.16968083381653,0.000544269860256463,-0.04345703125,-1.462646484375,0.22412109375,0,NaN
1409,264623720,NaN,NaN,NaN,NaN,-1.2587878704071,8.47090911865234,5.11103820800781,-0.217182904481888,-1.37218773365021,0.105441085994244,-0.04296875,-1.4609375,0.2265625,0,NaN
1410,264640387,NaN,NaN,NaN,NaN,-1.3376088142395,8.46258354187012,5.12441492080688,-1.51669430732727,-0.969863295555115,-0.671257615089417,-0.041748046875,-1.46044921875,0.22314453125,0,NaN
1411,264657054,NaN,NaN,NaN,NaN,-1.32979583740234,8.30080127716064,5.06834554672241,-0.395908296108246,-1.19786763191223,-0.68466591835022,-0.041748046875,-1.461669921875,0.222412109375,0,NaN
1412,264673721,NaN,NaN,NaN,NaN,-1.27794682979584,8.27923774719238,5.07837724685669,0.603287935256958,-1.08505642414093,-0.880218923091888,-0.041259765625,-1.462890625,0.224853515625,0,NaN
1413,264690388,NaN,NaN,NaN,NaN,-1.26357126235962,8.38811588287354,5.11131381988525,-0.987215936183929,-1.34170854091644,-0.725479781627655,-0.040771484375,-1.461181640625,0.2236328125,0,NaN
1414,264707055,NaN,NaN,NaN,NaN,-1.30728220939636,8.36408615112305,5.11911916732788,-3.27156114578247,-1.3532212972641,-0.286068230867386,-0.04052734375,-1.4599609375,0.220947265625,0,NaN
1415,264723722,NaN,NaN,NaN,NaN,-1.29092061519623,8.1885929107666,5.07225799560547,-1.53911817073822,-1.27638292312622,0.206547170877457,-0.03955078125,-1.460693359375,0.22314453125,0,NaN
1416,264740389,NaN,NaN,NaN,NaN,-1.29865491390228,8.28893852233887,5.01281452178955,2.04498839378357,-1.59664452075958,0.396183639764786,-0.04052734375,-1.461181640625,0.2197265625,0,NaN
1417,264757056,NaN,NaN,NaN,NaN,-1.24965143203735,8.34966850280762,5.09550857543945,2.77575755119324,-1.24134528636932,0.469410419464111,-0.04052734375,-1.460693359375,0.220947265625,0,NaN
1418,264773723,NaN,NaN,NaN,NaN,-1.23403370380402,8.37003421783447,5.10863399505615,1.46875381469727,-1.37372422218323,0.576868414878845,-0.041748046875,-1.46044921875,0.221435546875,0,NaN
1419,264790390,NaN,NaN,NaN,NaN,-1.26240074634552,8.40213584899902,5.08678197860718,1.33275032043457,-1.28607761859894,0.679536938667297,-0.042236328125,-1.461181640625,0.221435546875,0,NaN
1420,264807057,NaN,NaN,NaN,NaN,-1.24639081954956,8.38661766052246,4.99479818344116,0.820317149162292,-0.741001069545746,0.451583951711655,-0.040771484375,-1.4599609375,0.224853515625,0,NaN
1421,264823724,NaN,NaN,NaN,NaN,-1.23978674411774,8.28619766235352,5.05323266983032,2.18245196342468,-0.378171533346176,0.271923631429672,-0.04052734375,-1.45947265625,0.221435546875,0,NaN
1422,264840391,NaN,NaN,NaN,NaN,-1.30027389526367,8.37504386901855,5.11138343811035,1.97423315048218,-0.600540935993195,0.196929633617401,-0.041748046875,-1.461181640625,0.222412109375,0,NaN
1423,264857058,NaN,NaN,NaN,NaN,-1.30099189281464,8.42046356201172,5.07733917236328,1.19267463684082,-0.655774772167206,0.339067310094833,-0.040771484375,-1.461669921875,0.222412109375,0,NaN
1424,264873725,NaN,NaN,NaN,NaN,-1.32576107978821,8.42548179626465,5.06345129013062,1.50495719909668,-1.00200712680817,0.389716386795044,-0.036865234375,-1.460693359375,0.22412109375,0,NaN
1425,264890392,NaN,NaN,NaN,NaN,-1.33129286766052,8.40923595428467,5.08735132217407,2.33021116256714,-1.15819334983826,0.243890523910522,-0.037353515625,-1.461669921875,0.221923828125,0,NaN
1426,264907059,NaN,NaN,NaN,NaN,-1.30534672737122,8.41176509857178,5.06053066253662,1.82158184051514,-1.46024417877197,-0.200047999620438,-0.041748046875,-1.461181640625,0.22412109375,0,NaN
1427,264923726,NaN,NaN,NaN,NaN,-1.2568244934082,8.4294319152832,5.07759237289429,0.718775570392609,-1.81536400318146,-0.545204699039459,-0.041259765625,-1.461669921875,0.22412109375,0,NaN
1428,264940393,NaN,NaN,NaN,NaN,-1.30537438392639,8.41254234313965,5.10422325134277,-1.31624948978424,-1.98762238025665,-0.707012951374054,-0.03955078125,-1.45947265625,0.221923828125,0,NaN
1429,264957060,NaN,NaN,NaN,NaN,-1.32352113723755,8.37554359436035,5.07771968841553,-1.21703851222992,-2.554123878479,-0.27075183391571,-0.0390625,-1.4599609375,0.220947265625,0,NaN
1430,264973727,NaN,NaN,NaN,NaN,-1.31744015216827,8.36989116668701,5.05614376068115,0.247463494539261,-2.59078884124756,-0.135555222630501,-0.03955078125,-1.461669921875,0.222412109375,0,NaN
1431,264990394,NaN,NaN,NaN,NaN,-1.27013623714447,8.26354122161865,5.03471422195435,1.54040551185608,-2.60862803459167,-0.111607357859612,-0.037841796875,-1.460693359375,0.222412109375,0,NaN
1432,265007061,NaN,NaN,NaN,NaN,-1.26376867294312,8.30778503417969,5.0787091255188,2.02305126190186,-2.57398676872253,0.00999535620212555,-0.036865234375,-1.46240234375,0.22314453125,0,NaN
1433,265023728,NaN,NaN,NaN,NaN,-1.2279816865921,8.3710470199585,5.0708909034729,1.62323677539825,-2.48828649520874,0.21110625565052,-0.0361328125,-1.462890625,0.22314453125,0,NaN
1434,265040395,NaN,NaN,NaN,NaN,-1.21152365207672,8.36983299255371,5.08304595947266,0.642193675041199,-2.25766968727112,0.650735437870026,-0.037841796875,-1.458984375,0.224853515625,0,NaN
1435,265057062,NaN,NaN,NaN,NaN,-1.24522948265076,8.31528377532959,5.04927015304565,-0.176996558904648,-1.97774875164032,0.766453623771667,-0.03662109375,-1.457763671875,0.222412109375,0,NaN
1436,265073729,NaN,NaN,NaN,NaN,-1.22882342338562,8.31560897827148,5.01900672912598,-1.31338095664978,-1.68806910514832,0.553163886070251,-0.037841796875,-1.45947265625,0.221435546875,0,NaN
1437,265090396,NaN,NaN,NaN,NaN,-1.22463667392731,8.33595180511475,5.08244466781616,-0.61425656080246,-1.34215676784515,0.405993342399597,-0.04052734375,-1.461181640625,0.21923828125,0,NaN
1438,265107063,NaN,NaN,NaN,NaN,-1.26850914955139,8.3552827835083,5.06022930145264,-0.00519937789067626,-0.848856031894684,0.382045418024063,-0.03955078125,-1.45947265625,0.22021484375,0,NaN
1439,265123730,NaN,NaN,NaN,NaN,-1.28532898426056,8.38967132568359,5.06301832199097,2.47337365150452,-0.978225886821747,0.500030338764191,-0.0400390625,-1.462158203125,0.22314453125,0,NaN
1440,265140397,NaN,NaN,NaN,NaN,-1.26542973518372,8.41789150238037,5.13258790969849,2.37754368782043,-0.984731435775757,0.407594084739685,-0.03955078125,-1.45947265625,0.222412109375,0,NaN
1441,265157064,NaN,NaN,NaN,NaN,-1.26901257038116,8.42762660980225,5.13629627227783,0.805871486663818,-1.23985946178436,0.266775488853455,-0.037841796875,-1.4599609375,0.22021484375,0,NaN
1442,265173731,NaN,NaN,NaN,NaN,-1.25167381763458,8.39573192596436,5.16033554077148,-0.569741666316986,-1.38937366008759,0.208224833011627,-0.0390625,-1.461181640625,0.221435546875,0,NaN
1443,265190398,NaN,NaN,NaN,NaN,-1.25442922115326,8.34134674072266,5.13437271118164,-0.532897770404816,-1.32846653461456,0.139416322112083,-0.03955078125,-1.461181640625,0.221435546875,0,NaN
1444,265207065,NaN,NaN,NaN,NaN,-1.28788220882416,8.31793022155762,5.11743450164795,0.892942011356354,-1.32120549678802,0.168512359261513,-0.041748046875,-1.4599609375,0.221923828125,0,NaN
1445,265223732,NaN,NaN,NaN,NaN,-1.28347647190094,8.31814765930176,5.16152381896973,1.62971699237823,-1.2693909406662,0.445270419120789,-0.038818359375,-1.461181640625,0.22021484375,0,NaN
1446,265240399,NaN,NaN,NaN,NaN,-1.23480892181396,8.33368492126465,5.20091009140015,1.35211360454559,-0.836677193641663,0.842843472957611,-0.03857421875,-1.46337890625,0.2236328125,0,NaN
1447,265257066,NaN,NaN,NaN,NaN,-1.27080750465393,8.31169319152832,5.19408226013184,0.458025544881821,-0.257177144289017,1.08447372913361,-0.037841796875,-1.45947265625,0.22021484375,0,NaN
1448,265273733,NaN,NaN,NaN,NaN,-1.30401659011841,8.23026084899902,5.24228286743164,1.78011476993561,-0.0101042101159692,1.42521238327026,-0.037841796875,-1.4599609375,0.220947265625,0,NaN
1449,265290400,NaN,NaN,NaN,NaN,-1.27578163146973,8.22764682769775,5.23716068267822,3.24176788330078,0.472740024328232,1.46994495391846,-0.040771484375,-1.461181640625,0.2236328125,0,NaN
1450,265307067,NaN,NaN,NaN,NaN,-1.30005145072937,8.2897834777832,5.26754379272461,3.33794379234314,0.73761385679245,1.72550868988037,-0.0400390625,-1.461669921875,0.220947265625,0,NaN
1451,265323734,NaN,NaN,NaN,NaN,-1.25846827030182,8.29801177978516,5.28212070465088,1.70272576808929,1.22868585586548,1.81662547588348,-0.0390625,-1.458251953125,0.222412109375,0,NaN
1452,265340401,NaN,NaN,NaN,NaN,-1.20377588272095,8.28856468200684,5.32292938232422,1.05006313323975,1.59457623958588,2.42906379699707,-0.041259765625,-1.45947265625,0.221923828125,0,NaN
1453,265357068,NaN,NaN,NaN,NaN,-1.24393320083618,8.28321743011475,5.27893686294556,1.26421105861664,2.21705484390259,2.83978939056396,-0.0390625,-1.458251953125,0.221435546875,0,NaN
1454,265373735,NaN,NaN,NaN,NaN,-1.28988039493561,8.3674898147583,5.28940153121948,1.50946545600891,3.05096578598022,3.06479668617249,-0.040771484375,-1.4599609375,0.225341796875,0,NaN
1455,265390402,NaN,NaN,NaN,NaN,-1.24744403362274,8.41650581359863,5.24850940704346,1.28818452358246,3.78580737113953,3.21689796447754,-0.04052734375,-1.458251953125,0.220947265625,0,NaN
1456,265407069,NaN,NaN,NaN,NaN,-1.2179696559906,8.54552459716797,5.19979476928711,-0.239594027400017,4.39200830459595,2.5018424987793,-0.04443359375,-1.46044921875,0.2197265625,0,NaN
1457,265423736,NaN,NaN,NaN,NaN,-1.30486595630646,8.66112518310547,5.01516771316528,-2.09596395492554,4.21259117126465,1.22945439815521,-0.044921875,-1.4599609375,0.2197265625,0,NaN
1458,265440403,NaN,NaN,NaN,NaN,-1.29083561897278,8.62954235076904,4.8326268196106,-4.6498064994812,3.19302654266357,0.647264957427979,-0.04345703125,-1.4599609375,0.21923828125,0,NaN
1459,265457070,NaN,NaN,NaN,NaN,-1.26277613639832,8.42520141601562,4.75382900238037,-1.72819125652313,2.39805936813354,0.798264563083649,-0.042724609375,-1.4599609375,0.21923828125,0,NaN
1460,265473737,NaN,NaN,NaN,NaN,-1.23907971382141,8.53014469146729,4.81112337112427,-0.115654155611992,2.31209063529968,0.346341371536255,-0.041015625,-1.45947265625,0.218505859375,0,NaN
1461,265490404,NaN,NaN,NaN,NaN,-1.20617210865021,8.47129344940186,4.83434772491455,0.484995633363724,1.54539954662323,0.889330387115479,-0.041748046875,-1.460693359375,0.2197265625,0,NaN
1462,265507071,NaN,NaN,NaN,NaN,-1.17673599720001,8.41225719451904,4.96140813827515,0.057135533541441,2.02109169960022,0.74066174030304,-0.042724609375,-1.461181640625,0.2158203125,0,NaN
1463,265523738,NaN,NaN,NaN,NaN,-1.26116371154785,8.39019107818604,5.08427667617798,0.290851414203644,2.99309396743774,0.233709499239922,-0.041748046875,-1.460693359375,0.21630859375,0,NaN
1464,265540405,NaN,NaN,NaN,NaN,-1.20429837703705,8.37279319763184,5.15075731277466,-1.3549120426178,3.73432564735413,-0.0445789098739624,-0.044921875,-1.461181640625,0.214599609375,0,NaN
1465,265557072,NaN,NaN,NaN,NaN,-1.2653112411499,8.24281406402588,5.15993595123291,-1.37643921375275,4.83723449707031,-0.030094925314188,-0.04150390625,-1.458984375,0.214599609375,0,NaN
1466,265573739,NaN,NaN,NaN,NaN,-1.28361368179321,8.12264633178711,5.13123035430908,-0.628535747528076,5.47415828704834,0.578443646430969,-0.042236328125,-1.458984375,0.214111328125,0,NaN
1467,265590406,NaN,NaN,NaN,NaN,-1.30656480789185,8.09780216217041,5.12078094482422,2.67185974121094,5.6853609085083,0.902265012264252,-0.043212890625,-1.461669921875,0.21240234375,0,NaN
1468,265607073,NaN,NaN,NaN,NaN,-1.31837821006775,8.2257604598999,5.12923669815063,2.05630946159363,5.3361177444458,1.27834916114807,-0.0419921875,-1.458984375,0.210205078125,0,NaN
1469,265623740,NaN,NaN,NaN,NaN,-1.29065942764282,8.28714084625244,5.07891941070557,1.31781804561615,4.41062831878662,1.87016880512238,-0.046142578125,-1.458251953125,0.214599609375,0,NaN
1470,265640407,NaN,NaN,NaN,NaN,-1.3097550868988,8.33504295349121,4.98437070846558,0.227114170789719,3.70292401313782,2.05436253547668,-0.043212890625,-1.45947265625,0.211181640625,0,NaN
1471,265657074,NaN,NaN,NaN,NaN,-1.37376368045807,8.35686874389648,5.06653356552124,0.493063628673553,3.61357402801514,2.09805750846863,-0.04443359375,-1.461181640625,0.212890625,0,NaN
1472,265673741,NaN,NaN,NaN,NaN,-1.38826560974121,8.36519718170166,5.04252290725708,-1.23267531394958,3.28950977325439,1.62482511997223,-0.044921875,-1.461669921875,0.208984375,0,NaN
1473,265690408,NaN,NaN,NaN,NaN,-1.37993383407593,8.34554004669189,5.08157539367676,-0.619097352027893,2.20091867446899,1.54685997962952,-0.04443359375,-1.460693359375,0.2119140625,0,NaN
1474,265707075,NaN,NaN,NaN,NaN,-1.41182851791382,8.43984413146973,5.11124897003174,-2.11513519287109,1.38284873962402,1.07878768444061,-0.044921875,-1.458984375,0.210205078125,0,NaN
1475,265723742,NaN,NaN,NaN,NaN,-1.38966190814972,8.38261604309082,5.10812044143677,-2.20704627037048,0.398322284221649,1.39985549449921,-0.0458984375,-1.4599609375,0.20849609375,0,NaN
1476,265740409,NaN,NaN,NaN,NaN,-1.33772361278534,8.36941051483154,5.10052394866943,-1.80778288841248,-0.0981478616595268,1.27775990962982,-0.04443359375,-1.460693359375,0.212890625,0,NaN
1477,265757076,NaN,NaN,NaN,NaN,-1.32067024707794,8.38204479217529,5.16376256942749,-2.81292772293091,-0.35395473241806,1.11750137805939,-0.0458984375,-1.460693359375,0.206787109375,0,NaN
1478,265773743,NaN,NaN,NaN,NaN,-1.34040248394012,8.33100128173828,5.22329044342041,-3.7039430141449,-0.422289460897446,1.09088981151581,-0.0458984375,-1.460693359375,0.206787109375,0,NaN
1479,265790410,NaN,NaN,NaN,NaN,-1.29858088493347,8.21281814575195,5.29374980926514,-3.15940308570862,-0.322591960430145,1.39488673210144,-0.0458984375,-1.4580078125,0.203369140625,0,NaN
1480,265807077,NaN,NaN,NaN,NaN,-1.23704254627228,8.18777942657471,5.26599645614624,-3.4293487071991,-0.443496733903885,1.49216401576996,-0.043701171875,-1.45947265625,0.205078125,0,NaN
1481,265823744,NaN,NaN,NaN,NaN,-1.26441168785095,8.13935279846191,5.33116102218628,-3.41547894477844,-0.539915680885315,2.20888376235962,-0.045166015625,-1.4580078125,0.20166015625,0,NaN
1482,265840411,NaN,NaN,NaN,NaN,-1.25684940814972,8.12595272064209,5.41098356246948,-4.52214002609253,-0.367273330688477,2.70391368865967,-0.05029296875,-1.461181640625,0.202392578125,0,NaN
1483,265857078,NaN,NaN,NaN,NaN,-1.33529007434845,8.01553249359131,5.34734725952148,-2.86955761909485,-0.711162328720093,3.67710661888123,-0.049560546875,-1.458984375,0.201171875,0,NaN
1484,265873745,NaN,NaN,NaN,NaN,-1.36820340156555,7.99038124084473,5.246337890625,-0.709791958332062,-0.297811686992645,3.76744270324707,-0.05029296875,-1.45947265625,0.198486328125,0,NaN
1485,265890412,NaN,NaN,NaN,NaN,-0.919578850269318,7.91808605194092,5.45690250396729,1.5253963470459,2.67531657218933,3.74156069755554,-0.049072265625,-1.460205078125,0.199951171875,0,NaN
1486,265907079,NaN,NaN,NaN,NaN,-1.0117244720459,7.66716814041138,5.73351240158081,0.580659210681915,5.53526973724365,6.46525430679321,-0.052490234375,-1.458984375,0.199462890625,0,NaN
1487,265923746,NaN,NaN,NaN,NaN,-1.15142023563385,7.84870433807373,5.79765892028809,-1.47124552726746,10.5618314743042,7.99026346206665,-0.053955078125,-1.457275390625,0.19775390625,0,NaN
1488,265940413,NaN,NaN,NaN,NaN,-1.30529546737671,7.95007944107056,5.61331415176392,-0.946146607398987,12.5974426269531,8.26254272460938,-0.0556640625,-1.45849609375,0.195556640625,0,NaN
1489,265957080,NaN,NaN,NaN,NaN,-1.28751111030579,7.95939970016479,5.66816139221191,0.297895193099976,14.9954633712769,8.8488826751709,-0.057373046875,-1.45556640625,0.196044921875,0,NaN
1490,265973747,NaN,NaN,NaN,NaN,-1.31917870044708,8.00501251220703,5.78104543685913,0.793194234371185,16.3101558685303,10.1572599411011,-0.06005859375,-1.455078125,0.192626953125,0,NaN
1491,265990414,NaN,NaN,NaN,NaN,-1.2771213054657,8.04366016387939,5.68386697769165,-2.54698204994202,17.3395233154297,11.4602727890015,-0.064453125,-1.457763671875,0.192138671875,0,NaN
1492,266007081,NaN,NaN,NaN,NaN,-1.24924075603485,7.96925592422485,5.70714473724365,-2.37026739120483,18.8464412689209,13.5569868087769,-0.0673828125,-1.4560546875,0.192138671875,0,NaN
1493,266023748,NaN,NaN,NaN,NaN,-1.28451633453369,7.92027997970581,5.75662231445312,-0.578874051570892,21.6616802215576,14.9960336685181,-0.070556640625,-1.453857421875,0.189453125,0,NaN
1494,266040415,NaN,NaN,NaN,NaN,-1.22966229915619,7.84326267242432,5.71187162399292,-0.383563995361328,23.799430847168,15.8045949935913,-0.072265625,-1.457763671875,0.18603515625,0,NaN
1495,266057082,NaN,NaN,NaN,NaN,-1.23969972133636,7.82525682449341,5.68165254592896,-2.26856231689453,25.7225761413574,16.1718158721924,-0.0810546875,-1.455810546875,0.18701171875,0,NaN
1496,266073749,NaN,NaN,NaN,NaN,-1.24946689605713,7.85926008224487,5.78025579452515,-3.25083994865417,27.2810764312744,17.6434307098389,-0.08154296875,-1.45654296875,0.1826171875,0,NaN
1497,266090416,NaN,NaN,NaN,NaN,-1.23295414447784,7.88769388198853,5.76352071762085,-3.56044960021973,29.5453319549561,18.6399745941162,-0.088134765625,-1.453125,0.180419921875,0,NaN
1498,266107083,NaN,NaN,NaN,NaN,-1.20040738582611,7.81430196762085,5.60450267791748,-3.84173178672791,32.1624565124512,18.9732341766357,-0.096435546875,-1.451904296875,0.17578125,0,NaN
1499,266123750,NaN,NaN,NaN,NaN,-1.07401919364929,7.77533960342407,5.51731538772583,-3.22271013259888,34.4047508239746,19.8009738922119,-0.097900390625,-1.451904296875,0.173095703125,0,NaN
1500,266140417,NaN,NaN,NaN,NaN,-1.08149218559265,7.82850885391235,5.59266376495361,-4.57919502258301,36.5554580688477,20.8084564208984,-0.10302734375,-1.452880859375,0.169189453125,0,NaN
1501,266157084,NaN,NaN,NaN,NaN,-1.23266530036926,7.75015020370483,5.61495161056519,-6.75213479995728,38.9615783691406,22.9157829284668,-0.113525390625,-1.4482421875,0.16748046875,0,NaN
1502,266173751,NaN,NaN,NaN,NaN,-1.28102827072144,7.62178564071655,5.62743902206421,-4.98863887786865,40.6537742614746,25.6608619689941,-0.114013671875,-1.449462890625,0.161865234375,0,NaN
1503,266190418,NaN,NaN,NaN,NaN,-1.17762076854706,7.66406679153442,5.56775045394897,-0.425289958715439,42.3741340637207,28.6246395111084,-0.12109375,-1.446044921875,0.15673828125,0,NaN
1504,266207085,NaN,NaN,NaN,NaN,-1.12112653255463,7.74883842468262,5.46303844451904,4.24627637863159,44.3669395446777,30.3285903930664,-0.12939453125,-1.4443359375,0.15673828125,0,NaN
1505,266223752,NaN,NaN,NaN,NaN,-1.11560356616974,7.77059507369995,5.50761032104492,8.98471069335938,46.8835144042969,31.2182331085205,-0.139892578125,-1.4423828125,0.155029296875,0,NaN
1506,266240419,NaN,NaN,NaN,NaN,-1.14513444900513,7.77686929702759,5.56473064422607,9.81942272186279,48.91259765625,32.0778045654297,-0.147705078125,-1.441162109375,0.15283203125,0,NaN
1507,266257086,NaN,NaN,NaN,NaN,-1.09296226501465,7.75836229324341,5.5088472366333,8.8442268371582,50.9150123596191,33.0509757995605,-0.15771484375,-1.442138671875,0.152587890625,0,NaN
1508,266273753,NaN,NaN,NaN,NaN,-1.00089383125305,7.97438335418701,5.53476715087891,7.87683057785034,52.8687515258789,34.4127960205078,-0.164794921875,-1.43994140625,0.1494140625,0,NaN
1509,266290420,NaN,NaN,NaN,NaN,-1.01763582229614,8.19297218322754,5.48478603363037,6.30455303192139,54.6982078552246,36.1585578918457,-0.1748046875,-1.43701171875,0.148193359375,0,NaN
1510,266307087,NaN,NaN,NaN,NaN,-1.02272152900696,8.20487594604492,5.30246257781982,4.70937538146973,56.6583290100098,37.5106506347656,-0.186767578125,-1.43505859375,0.1435546875,0,NaN
1511,266323754,NaN,NaN,NaN,NaN,-1.01448118686676,8.1144437789917,5.21039819717407,8.58181953430176,58.5637283325195,38.4512176513672,-0.19189453125,-1.43115234375,0.142578125,0,NaN
1512,266340421,NaN,NaN,NaN,NaN,-1.01331853866577,8.34962272644043,5.20091199874878,9.15465641021729,61.049373626709,38.5495796203613,-0.20166015625,-1.42822265625,0.141357421875,0,NaN
1513,266357088,NaN,NaN,NaN,NaN,-0.954670786857605,8.69638347625732,5.24142456054688,5.23777437210083,62.6585311889648,38.2319793701172,-0.211181640625,-1.426513671875,0.134521484375,0,NaN
1514,266373755,NaN,NaN,NaN,NaN,-0.997996687889099,8.79222679138184,5.23855209350586,0.0693669021129608,62.9702110290527,37.3274688720703,-0.224365234375,-1.420654296875,0.1318359375,0,NaN
1515,266390422,NaN,NaN,NaN,NaN,-1.11945199966431,8.70444488525391,5.15663194656372,-2.61070013046265,63.1639366149902,36.272834777832,-0.2314453125,-1.420654296875,0.122802734375,0,NaN
1516,266407089,NaN,NaN,NaN,NaN,-1.18056702613831,8.63752746582031,4.99424505233765,-2.8404495716095,63.000659942627,35.1635360717773,-0.24072265625,-1.417724609375,0.11767578125,0,NaN
1517,266423756,NaN,NaN,NaN,NaN,-1.09751451015472,8.8585958480835,4.95744132995605,-1.52774775028229,62.3041381835938,34.1534194946289,-0.24560546875,-1.416015625,0.108642578125,0,NaN
1518,266440423,NaN,NaN,NaN,NaN,-1.17689502239227,9.01218700408936,5.10276079177856,-6.36779880523682,61.4786567687988,32.7117042541504,-0.25439453125,-1.41259765625,0.104248046875,0,NaN
1519,266457090,NaN,NaN,NaN,NaN,-1.27248668670654,8.91114902496338,5.07173633575439,-13.2368907928467,59.4916458129883,32.0591011047363,-0.26123046875,-1.406494140625,0.087890625,0,NaN
1520,266473757,NaN,NaN,NaN,NaN,-1.30836379528046,8.7388334274292,5.13006973266602,-15.2508544921875,57.2983741760254,31.9454746246338,-0.268798828125,-1.40478515625,0.07958984375,0,NaN
1521,266490424,NaN,NaN,NaN,NaN,-1.23145842552185,8.72660446166992,5.08960676193237,-17.3337116241455,55.5320014953613,31.1258964538574,-0.27294921875,-1.39990234375,0.067138671875,0,NaN
1522,266507091,NaN,NaN,NaN,NaN,-1.13324391841888,8.71091842651367,5.15251207351685,-19.1124114990234,53.5169563293457,30.3701286315918,-0.279296875,-1.393310546875,0.0546875,0,NaN
1523,266523758,NaN,NaN,NaN,NaN,-1.18583917617798,8.56647777557373,5.12587118148804,-19.1671180725098,51.1676368713379,30.7583122253418,-0.286865234375,-1.390380859375,0.044677734375,0,NaN
1524,266540425,NaN,NaN,NaN,NaN,-1.12134873867035,8.44343948364258,5.0259165763855,-20.7166786193848,50.1163940429688,30.5449981689453,-0.292236328125,-1.385986328125,0.0322265625,0,NaN
1525,266557092,NaN,NaN,NaN,NaN,-1.01736307144165,8.43665027618408,4.9531455039978,-15.4730854034424,48.8238105773926,31.8901462554932,-0.2958984375,-1.3798828125,0.01708984375,0,NaN
1526,266573759,NaN,NaN,NaN,NaN,-1.05624830722809,8.61164093017578,5.03653430938721,-8.54062271118164,48.4963569641113,33.1897773742676,-0.3017578125,-1.374267578125,0.0087890625,0,NaN
1527,266590426,NaN,NaN,NaN,NaN,-1.06182932853699,8.71613121032715,4.83264446258545,-1.28688764572144,48.8469886779785,33.8901710510254,-0.31005859375,-1.370849609375,0.00244140625,0,NaN
1528,266607093,NaN,NaN,NaN,NaN,-0.985456645488739,8.71005439758301,4.92281246185303,5.07520055770874,48.7608833312988,34.1910820007324,-0.317626953125,-1.367431640625,-0.005859375,0,NaN
1529,266623760,NaN,NaN,NaN,NaN,-0.834010422229767,8.81288433074951,5.09553241729736,3.17626357078552,49.061595916748,33.1003837585449,-0.32177734375,-1.363037109375,-0.010498046875,0,NaN
1530,266640427,NaN,NaN,NaN,NaN,-0.769396662712097,8.75528144836426,5.06268548965454,-4.09386873245239,49.8163795471191,31.2343158721924,-0.326171875,-1.359130859375,-0.0205078125,0,NaN
1531,266657094,NaN,NaN,NaN,NaN,-0.837446570396423,8.52138042449951,5.02060222625732,-8.43491649627686,50.3577270507812,30.0602607727051,-0.330322265625,-1.354736328125,-0.02685546875,0,NaN
1532,266673761,NaN,NaN,NaN,NaN,-0.713041722774506,8.36787128448486,4.88713788986206,-11.5246315002441,51.325252532959,29.0383758544922,-0.3330078125,-1.349853515625,-0.03955078125,0,NaN
1533,266690428,NaN,NaN,NaN,NaN,-0.549814105033875,8.29438877105713,4.88808393478394,-6.81821250915527,51.8147277832031,29.5754165649414,-0.337646484375,-1.34423828125,-0.05029296875,0,NaN
1534,266707095,NaN,NaN,NaN,NaN,-0.695788741111755,8.36853504180908,4.91380596160889,-5.55498027801514,52.0580368041992,30.8484058380127,-0.34130859375,-1.339111328125,-0.058837890625,0,NaN
1535,266723762,NaN,NaN,NaN,NaN,-0.637547016143799,8.19584369659424,4.80090713500977,-5.31087875366211,53.2540473937988,32.7391319274902,-0.3427734375,-1.3330078125,-0.0693359375,0,NaN
1536,266740429,NaN,NaN,NaN,NaN,-0.536523520946503,8.10028076171875,4.82292032241821,0.336805552244186,54.0867462158203,35.581600189209,-0.34716796875,-1.329833984375,-0.078369140625,0,NaN
1537,266757096,NaN,NaN,NaN,NaN,-0.468630015850067,8.30663585662842,4.84458541870117,3.71889925003052,54.2471199035645,37.6890563964844,-0.349609375,-1.322998046875,-0.085693359375,0,NaN
1538,266773763,NaN,NaN,NaN,NaN,-0.480898797512054,8.33436870574951,4.71046161651611,3.58165383338928,54.8623313903809,39.0492172241211,-0.357177734375,-1.318603515625,-0.093017578125,0,NaN
1539,266790430,NaN,NaN,NaN,NaN,-0.493620693683624,8.19775104522705,4.61426734924316,5.2415919303894,55.5650596618652,40.1353759765625,-0.362060546875,-1.31201171875,-0.10205078125,0,NaN
1540,266807097,NaN,NaN,NaN,NaN,-0.458001405000687,8.23264980316162,4.69598197937012,8.60799312591553,56.1309204101562,40.7056655883789,-0.365966796875,-1.3046875,-0.104248046875,0,NaN
1541,266823764,NaN,NaN,NaN,NaN,-0.465882778167725,8.39570903778076,4.68909358978271,10.7554807662964,55.9880523681641,41.9357299804688,-0.36962890625,-1.299560546875,-0.1123046875,0,NaN
1542,266840431,NaN,NaN,NaN,NaN,-0.434466868638992,8.5986795425415,4.56389665603638,10.102596282959,57.256160736084,42.6085510253906,-0.376220703125,-1.296142578125,-0.1171875,0,NaN
1543,266857098,NaN,NaN,NaN,NaN,-0.281305581331253,8.44440746307373,4.36859369277954,9.48577404022217,58.6570167541504,42.5705528259277,-0.377197265625,-1.291259765625,-0.122314453125,0,NaN
1544,266873765,NaN,NaN,NaN,NaN,-0.267317265272141,8.43725776672363,4.36486768722534,8.96468544006348,58.9040298461914,42.5706443786621,-0.379150390625,-1.283447265625,-0.130126953125,0,NaN
1545,266890432,NaN,NaN,NaN,NaN,-0.256856173276901,8.61975955963135,4.3470721244812,7.6076226234436,59.7351264953613,42.2818717956543,-0.3818359375,-1.279052734375,-0.137451171875,0,NaN
1546,266907099,NaN,NaN,NaN,NaN,-0.298378229141235,8.59109687805176,4.2118558883667,9.95472049713135,60.6617736816406,42.9360809326172,-0.385986328125,-1.275146484375,-0.14306640625,0,NaN
1547,266923766,NaN,NaN,NaN,NaN,-0.395488411188126,8.58120441436768,4.0919337272644,17.488245010376,61.2783546447754,44.6423988342285,-0.38818359375,-1.268310546875,-0.15087890625,0,NaN
1548,266940433,NaN,NaN,NaN,NaN,-0.312135100364685,8.71345901489258,4.0540771484375,23.9160976409912,62.6044502258301,45.4404182434082,-0.39013671875,-1.2626953125,-0.155029296875,0,NaN
1549,266957100,NaN,NaN,NaN,NaN,-0.164613783359528,8.79706573486328,4.03881406784058,24.3925094604492,64.043586730957,45.5841407775879,-0.39404296875,-1.25927734375,-0.156005859375,0,NaN
1550,266973767,NaN,NaN,NaN,NaN,-0.0205661095678806,8.82326316833496,4.07518577575684,21.0546283721924,64.5867309570312,45.9319229125977,-0.3974609375,-1.2548828125,-0.158447265625,0,NaN
1551,266990434,NaN,NaN,NaN,NaN,-0.0239773467183113,8.91895580291748,3.92030882835388,17.5184001922607,66.0446472167969,46.2874069213867,-0.400390625,-1.249267578125,-0.166259765625,0,NaN
1552,267007101,NaN,NaN,NaN,NaN,-0.0375771075487137,8.77238178253174,3.79529047012329,20.8682422637939,67.9899826049805,46.751049041748,-0.402587890625,-1.244384765625,-0.170166015625,0,NaN
1553,267023768,NaN,NaN,NaN,NaN,-0.052938774228096,8.94325160980225,3.66534948348999,26.3881950378418,69.7156677246094,46.6569061279297,-0.403564453125,-1.2392578125,-0.177978515625,0,NaN
1554,267040435,NaN,NaN,NaN,NaN,0.0864047557115555,9.25257873535156,3.72553873062134,23.1423759460449,71.9526138305664,44.6975898742676,-0.403564453125,-1.2353515625,-0.17919921875,0,NaN
1555,267057102,NaN,NaN,NaN,NaN,0.185863226652145,9.33516883850098,3.76009821891785,9.25076007843018,73.0687637329102,42.3453598022461,-0.402099609375,-1.228759765625,-0.1875,0,NaN
1556,267073769,NaN,NaN,NaN,NaN,0.126192688941956,9.17238712310791,3.74233341217041,0.829353511333466,72.9109039306641,41.3734703063965,-0.4013671875,-1.223876953125,-0.197021484375,0,NaN
1557,267090436,NaN,NaN,NaN,NaN,0.058338962495327,9.14929294586182,3.65697145462036,5.82787418365479,73.4132614135742,41.1776924133301,-0.401123046875,-1.216796875,-0.2060546875,0,NaN
1558,267107103,NaN,NaN,NaN,NaN,0.0561810322105885,9.30237102508545,3.42959785461426,12.6889085769653,75.3884811401367,40.4000778198242,-0.39892578125,-1.214111328125,-0.212890625,0,NaN
1559,267123770,NaN,NaN,NaN,NaN,0.058563593775034,9.4628438949585,3.40879726409912,15.0449705123901,76.6862945556641,40.1840362548828,-0.399169921875,-1.208984375,-0.220703125,0,NaN
1560,267140437,NaN,NaN,NaN,NaN,0.090709500014782,9.48424911499023,3.60723257064819,10.2726068496704,76.9841995239258,40.367862701416,-0.3935546875,-1.201904296875,-0.2275390625,0,NaN
1561,267157104,NaN,NaN,NaN,NaN,0.136163085699081,9.29920864105225,3.62245464324951,8.52181434631348,77.0695571899414,41.5783996582031,-0.388916015625,-1.19873046875,-0.238525390625,0,NaN
1562,267173771,NaN,NaN,NaN,NaN,0.131574004888535,9.17186164855957,3.51824331283569,13.6865711212158,78.0154190063477,43.4203681945801,-0.387939453125,-1.19091796875,-0.2470703125,0,NaN
1563,267190438,NaN,NaN,NaN,NaN,0.200567901134491,9.31596088409424,3.50542545318604,18.3929576873779,79.4724807739258,44.4782829284668,-0.3857421875,-1.189453125,-0.25146484375,0,NaN
1564,267207105,NaN,NaN,NaN,NaN,0.224595725536346,9.42770004272461,3.54303002357483,15.2032909393311,80.4300079345703,44.3528785705566,-0.3828125,-1.183349609375,-0.2587890625,0,NaN
1565,267223772,NaN,NaN,NaN,NaN,0.1566541492939,9.27385234832764,3.46531414985657,10.7366361618042,79.8827056884766,43.938720703125,-0.377685546875,-1.18017578125,-0.267333984375,0,NaN
1566,267240439,NaN,NaN,NaN,NaN,0.129714131355286,9.19233989715576,3.52141833305359,10.620659828186,79.3625030517578,43.2583770751953,-0.372314453125,-1.176513671875,-0.275634765625,0,NaN
1567,267257106,NaN,NaN,NaN,NaN,0.0917595326900482,9.30976867675781,3.49333906173706,9.0723180770874,78.8233108520508,41.3802299499512,-0.3701171875,-1.169921875,-0.2841796875,0,NaN
1568,267273773,NaN,NaN,NaN,NaN,0.0950979739427567,9.53613662719727,3.43240976333618,5.11197710037231,78.0660400390625,39.0359077453613,-0.36474609375,-1.166748046875,-0.294189453125,0,NaN
1569,267290440,NaN,NaN,NaN,NaN,0.10530136525631,9.56598663330078,3.42258477210999,1.19072043895721,77.1504516601562,37.1755332946777,-0.35791015625,-1.16015625,-0.2998046875,0,NaN
1570,267307107,NaN,NaN,NaN,NaN,0.0831215307116508,9.55351161956787,3.408451795578,-1.91711378097534,76.059440612793,36.4209518432617,-0.356689453125,-1.156494140625,-0.312744140625,0,NaN
1571,267323774,NaN,NaN,NaN,NaN,0.0416028760373592,9.50443744659424,3.40968012809753,-2.04250144958496,74.1378479003906,35.7465133666992,-0.34912109375,-1.1494140625,-0.320556640625,0,NaN
1572,267340441,NaN,NaN,NaN,NaN,0.154679745435715,9.54241943359375,3.29359984397888,-2.40962743759155,72.4811019897461,35.1043510437012,-0.343017578125,-1.147216796875,-0.328369140625,0,NaN
1573,267357108,NaN,NaN,NaN,NaN,0.234923213720322,9.57048988342285,3.2231342792511,-1.79296183586121,72.1519241333008,35.5068473815918,-0.337158203125,-1.13916015625,-0.340087890625,0,NaN
1574,267373775,NaN,NaN,NaN,NaN,0.243036061525345,9.62989044189453,3.18328404426575,-1.53399813175201,71.5417633056641,35.9577598571777,-0.330810546875,-1.133056640625,-0.3447265625,0,NaN
1575,267390442,NaN,NaN,NaN,NaN,0.32331171631813,9.54191398620605,3.1121871471405,-0.774858951568604,70.5102691650391,35.7937927246094,-0.323974609375,-1.12939453125,-0.357666015625,0,NaN
1576,267407109,NaN,NaN,NaN,NaN,0.371379286050797,9.27527618408203,3.10708689689636,1.49326491355896,68.9322738647461,35.3899688720703,-0.3193359375,-1.123779296875,-0.36376953125,0,NaN
1577,267423776,NaN,NaN,NaN,NaN,0.569348812103271,9.41944885253906,3.18780183792114,1.25819849967957,68.0958023071289,34.5438652038574,-0.310791015625,-1.119140625,-0.370361328125,0,NaN
1578,267440443,NaN,NaN,NaN,NaN,0.655139803886414,9.73482036590576,3.08920979499817,-7.63906288146973,69.527458190918,31.837833404541,-0.306640625,-1.113525390625,-0.37841796875,0,NaN
1579,267457110,NaN,NaN,NaN,NaN,0.625146687030792,9.65085220336914,2.95478916168213,-12.3686485290527,66.8663864135742,31.6377277374268,-0.29638671875,-1.106689453125,-0.387939453125,0,NaN
1580,267473777,NaN,NaN,NaN,NaN,0.631802082061768,9.25696468353271,3.00184869766235,-10.9928255081177,65.6566772460938,30.131103515625,-0.29345703125,-1.101806640625,-0.3984375,0,NaN
1581,267490444,NaN,NaN,NaN,NaN,0.68950742483139,9.24933624267578,3.1098325252533,-6.06449747085571,64.6774673461914,28.3466796875,-0.2861328125,-1.097900390625,-0.407958984375,0,NaN
1582,267507111,NaN,NaN,NaN,NaN,0.617204904556274,9.49503040313721,3.21265625953674,-7.41567373275757,63.1582679748535,27.3927841186523,-0.27685546875,-1.092529296875,-0.41650390625,0,NaN
1583,267523778,NaN,NaN,NaN,NaN,0.553473889827728,9.52491188049316,3.19597339630127,-9.45925045013428,61.4002952575684,27.7928314208984,-0.267333984375,-1.08837890625,-0.4248046875,0,NaN
1584,267540445,NaN,NaN,NaN,NaN,0.503893196582794,9.36120223999023,3.16147398948669,-8.22875308990479,60.1911468505859,28.1287422180176,-0.260498046875,-1.08251953125,-0.434326171875,0,NaN
1585,267557112,NaN,NaN,NaN,NaN,0.582253158092499,9.25857257843018,3.31121182441711,-5.45609378814697,59.1787338256836,28.1604900360107,-0.25634765625,-1.0791015625,-0.43994140625,0,NaN
1586,267573779,NaN,NaN,NaN,NaN,0.604962825775146,9.28906536102295,3.41090869903564,-6.74746370315552,57.4751014709473,28.4213542938232,-0.24560546875,-1.072021484375,-0.445556640625,0,NaN
1587,267590446,NaN,NaN,NaN,NaN,0.570278167724609,9.31754016876221,3.40888452529907,-7.15765285491943,55.3412933349609,29.6391868591309,-0.240478515625,-1.068359375,-0.451171875,0,NaN
1588,267607113,NaN,NaN,NaN,NaN,0.59070897102356,9.37370586395264,3.26165151596069,-4.81682109832764,53.942699432373,30.3898239135742,-0.2353515625,-1.0673828125,-0.45849609375,0,NaN
1589,267623780,NaN,NaN,NaN,NaN,0.685039937496185,9.42008304595947,3.18431377410889,-4.46260690689087,55.2807655334473,28.9934883117676,-0.228759765625,-1.06298828125,-0.46337890625,0,NaN
1590,267640447,NaN,NaN,NaN,NaN,0.502519488334656,9.25377750396729,3.35279417037964,-7.45880222320557,54.2002410888672,25.9146976470947,-0.221923828125,-1.05810546875,-0.47021484375,0,NaN
1591,267657114,NaN,NaN,NaN,NaN,0.353134572505951,9.12980270385742,3.72394061088562,-9.27999877929688,50.6592483520508,21.9193706512451,-0.2138671875,-1.0517578125,-0.475830078125,0,NaN
1592,267673781,NaN,NaN,NaN,NaN,0.368468880653381,9.33412170410156,3.82914423942566,-12.5890731811523,46.7250595092773,18.7716064453125,-0.207763671875,-1.050048828125,-0.4814453125,0,NaN
1593,267690448,NaN,NaN,NaN,NaN,0.294595628976822,9.44528579711914,3.72459602355957,-18.3448829650879,44.0650978088379,17.3167743682861,-0.198486328125,-1.043701171875,-0.490966796875,0,NaN
1594,267707115,NaN,NaN,NaN,NaN,0.131271421909332,9.27532768249512,3.66533875465393,-19.2638931274414,41.3288917541504,17.5109367370605,-0.1943359375,-1.034912109375,-0.499267578125,0,NaN
1595,267723782,NaN,NaN,NaN,NaN,0.142159789800644,9.12989616394043,3.70258665084839,-13.5537767410278,38.3129959106445,18.3016567230225,-0.187255859375,-1.03271484375,-0.503173828125,0,NaN
1596,267740449,NaN,NaN,NaN,NaN,0.262964367866516,9.07918739318848,3.66020488739014,-5.87617063522339,36.0343589782715,18.6196060180664,-0.180419921875,-1.0283203125,-0.506591796875,0,NaN
1597,267757116,NaN,NaN,NaN,NaN,0.291079759597778,9.26279735565186,3.7366099357605,-0.599359691143036,34.1856079101562,19.8373756408691,-0.177490234375,-1.0263671875,-0.510498046875,0,NaN
1598,267773783,NaN,NaN,NaN,NaN,0.300746738910675,9.4684591293335,3.75135397911072,-0.0216876622289419,31.2644157409668,21.1037044525146,-0.17529296875,-1.024658203125,-0.51220703125,0,NaN
1599,267790450,NaN,NaN,NaN,NaN,0.325023889541626,9.32762718200684,3.68406391143799,1.67013514041901,28.9712104797363,22.5933113098145,-0.1728515625,-1.02197265625,-0.51611328125,0,NaN
1600,267807117,NaN,NaN,NaN,NaN,0.396751672029495,9.18719482421875,3.70750737190247,7.84203386306763,27.6074409484863,24.1752052307129,-0.169677734375,-1.02197265625,-0.516845703125,0,NaN
1601,267823784,NaN,NaN,NaN,NaN,0.469196707010269,9.15658664703369,3.70036745071411,12.187216758728,26.4103336334229,26.7363605499268,-0.167236328125,-1.021484375,-0.516845703125,0,NaN
1602,267840451,NaN,NaN,NaN,NaN,0.610821068286896,9.15873146057129,3.6797513961792,15.3838863372803,24.7414646148682,29.5566577911377,-0.169677734375,-1.023681640625,-0.513916015625,0,NaN
1603,267857118,NaN,NaN,NaN,NaN,0.733776867389679,9.24576759338379,3.55702328681946,17.1527862548828,23.7089500427246,32.6913070678711,-0.169677734375,-1.024658203125,-0.513916015625,0,NaN
1604,267873785,NaN,NaN,NaN,NaN,0.845083773136139,9.11471652984619,3.45787239074707,20.7375450134277,23.8054447174072,34.502082824707,-0.16845703125,-1.027587890625,-0.513427734375,0,NaN
1605,267890452,NaN,NaN,NaN,NaN,0.922666966915131,9.09340953826904,3.58852744102478,20.9630470275879,24.6410350799561,34.5882377624512,-0.169189453125,-1.028564453125,-0.507080078125,0,NaN
1606,267907119,NaN,NaN,NaN,NaN,1.01904833316803,9.05603694915771,3.67274045944214,16.2257843017578,24.332935333252,33.158390045166,-0.1669921875,-1.028076171875,-0.5087890625,0,NaN
1607,267923786,NaN,NaN,NaN,NaN,0.991807758808136,8.83909893035889,3.67832660675049,11.2871513366699,23.923189163208,32.4717597961426,-0.169921875,-1.029052734375,-0.506103515625,0,NaN
1608,267940453,NaN,NaN,NaN,NaN,1.06528198719025,8.851637840271,3.58168792724609,11.9600782394409,23.9023418426514,31.9476222991943,-0.171630859375,-1.029541015625,-0.503173828125,0,NaN
1609,267957120,NaN,NaN,NaN,NaN,1.10007762908936,9.13894557952881,3.63269376754761,10.7264671325684,25.687931060791,29.2389602661133,-0.17138671875,-1.029052734375,-0.50830078125,0,NaN
1610,267973787,NaN,NaN,NaN,NaN,1.0669846534729,9.23679828643799,3.67488551139832,4.05506134033203,26.5326747894287,26.141321182251,-0.168701171875,-1.028564453125,-0.509521484375,0,NaN
1611,267990454,NaN,NaN,NaN,NaN,1.02733957767487,9.12945652008057,3.75315070152283,-1.86702644824982,26.0528240203857,23.7112522125244,-0.16796875,-1.0263671875,-0.51123046875,0,NaN
1612,268007121,NaN,NaN,NaN,NaN,1.01880252361298,9.09436225891113,3.76167917251587,-4.35418224334717,25.8833103179932,21.2567176818848,-0.166259765625,-1.023193359375,-0.513427734375,0,NaN
1613,268023788,NaN,NaN,NaN,NaN,0.976001799106598,9.21084499359131,3.79862213134766,-4.54381942749023,26.9613475799561,18.6470108032227,-0.163330078125,-1.019775390625,-0.517333984375,0,NaN
1614,268040455,NaN,NaN,NaN,NaN,0.747147977352142,9.27341461181641,3.85229516029358,-6.68504667282104,26.6740036010742,15.6676635742188,-0.1611328125,-1.01708984375,-0.517333984375,0,NaN
1615,268057122,NaN,NaN,NaN,NaN,0.518669366836548,9.18388938903809,3.93747186660767,-9.72473049163818,24.5321483612061,12.5900506973267,-0.159423828125,-1.014892578125,-0.5234375,0,NaN
1616,268073789,NaN,NaN,NaN,NaN,0.310714721679688,9.02041435241699,4.10566377639771,-9.98719024658203,22.0479640960693,9.26382827758789,-0.15087890625,-1.01171875,-0.52685546875,0,NaN
1617,268090456,NaN,NaN,NaN,NaN,0.304295539855957,9.02588558197021,4.20480108261108,-9.67487525939941,19.2859725952148,6.34404611587524,-0.14697265625,-1.00634765625,-0.529052734375,0,NaN
1618,268107123,NaN,NaN,NaN,NaN,0.318582803010941,9.07118606567383,4.09390354156494,-11.425669670105,16.6114082336426,4.31711673736572,-0.145263671875,-1.005126953125,-0.532958984375,0,NaN
1619,268123790,NaN,NaN,NaN,NaN,0.337026089429855,9.08765411376953,4.00288152694702,-13.6877355575562,14.8278818130493,2.77131080627441,-0.141357421875,-1.000244140625,-0.53515625,0,NaN
1620,268140457,NaN,NaN,NaN,NaN,0.446307629346848,8.8877649307251,4.03577375411987,-15.6530265808105,12.9559593200684,1.50614428520203,-0.14013671875,-0.995361328125,-0.54150390625,0,NaN
1621,268157124,NaN,NaN,NaN,NaN,0.478734999895096,8.72258377075195,4.16287803649902,-16.7029914855957,10.8937101364136,0.408920109272003,-0.135009765625,-0.99267578125,-0.54296875,0,NaN
1622,268173791,NaN,NaN,NaN,NaN,0.402440845966339,8.63997936248779,4.2273097038269,-17.5093441009521,8.56330966949463,-0.314210593700409,-0.13330078125,-0.9892578125,-0.547119140625,0,NaN
1623,268190458,NaN,NaN,NaN,NaN,0.48019751906395,8.76376152038574,4.29397916793823,-18.5921630859375,6.78332757949829,-0.203128203749657,-0.130859375,-0.984375,-0.5537109375,0,NaN
1624,268207125,NaN,NaN,NaN,NaN,0.582467496395111,8.78589344024658,4.32622241973877,-20.3374042510986,5.85855531692505,0.893551588058472,-0.129638671875,-0.979248046875,-0.55419921875,0,NaN
1625,268223792,NaN,NaN,NaN,NaN,0.611127018928528,8.77159214019775,4.34708690643311,-22.6127853393555,5.7283935546875,2.30467367172241,-0.1279296875,-0.97216796875,-0.558349609375,0,NaN
1626,268240459,NaN,NaN,NaN,NaN,0.693360149860382,8.70340347290039,4.39370059967041,-24.0611763000488,5.59853792190552,3.21377301216125,-0.12841796875,-0.96826171875,-0.560546875,0,NaN
1627,268257126,NaN,NaN,NaN,NaN,0.909749567508698,8.60984897613525,4.51340007781982,-24.3013019561768,6.67171382904053,3.50664258003235,-0.1259765625,-0.9599609375,-0.566162109375,0,NaN
1628,268273793,NaN,NaN,NaN,NaN,1.08855760097504,8.75449466705322,4.53741502761841,-26.5332870483398,8.70771408081055,4.21958875656128,-0.1259765625,-0.954345703125,-0.573486328125,0,NaN
1629,268290460,NaN,NaN,NaN,NaN,1.12808120250702,8.67582130432129,4.5874342918396,-26.1349754333496,11.4995088577271,5.47729206085205,-0.121337890625,-0.945068359375,-0.577392578125,0,NaN
1630,268307127,NaN,NaN,NaN,NaN,1.17439091205597,8.66191482543945,4.69084501266479,-25.640230178833,14.1405487060547,6.16439485549927,-0.121826171875,-0.941162109375,-0.580810546875,0,NaN
1631,268323794,NaN,NaN,NaN,NaN,1.27135562896729,8.67685794830322,4.69505262374878,-25.2528266906738,16.8456172943115,6.2367000579834,-0.116455078125,-0.932373046875,-0.588134765625,0,NaN
1632,268340461,NaN,NaN,NaN,NaN,1.28520393371582,8.60271835327148,4.75415372848511,-25.1525001525879,19.1355991363525,6.74240112304688,-0.11474609375,-0.924560546875,-0.592041015625,0,NaN
1633,268357128,NaN,NaN,NaN,NaN,1.36740267276764,8.55836772918701,4.85879182815552,-22.5273017883301,21.0581188201904,7.91623449325562,-0.11083984375,-0.920166015625,-0.596435546875,0,NaN
1634,268373795,NaN,NaN,NaN,NaN,1.45189249515533,8.67616844177246,4.89427375793457,-22.2513046264648,22.6957569122314,9.28189945220947,-0.103515625,-0.9130859375,-0.600341796875,0,NaN
1635,268390462,NaN,NaN,NaN,NaN,1.52308404445648,8.68060970306396,4.79537773132324,-23.30446434021,24.525972366333,10.7057456970215,-0.100341796875,-0.9052734375,-0.607177734375,0,NaN
1636,268407129,NaN,NaN,NaN,NaN,1.53045737743378,8.61158752441406,4.70811986923218,-20.1772212982178,27.6662902832031,11.9152746200562,-0.096435546875,-0.898681640625,-0.611572265625,0,NaN
1637,268423796,NaN,NaN,NaN,NaN,1.5886412858963,8.48741722106934,4.71093940734863,-15.192214012146,30.5594654083252,13.1619930267334,-0.088623046875,-0.89501953125,-0.61328125,0,NaN
1638,268440463,NaN,NaN,NaN,NaN,1.84416544437408,8.49028491973877,4.91533613204956,-12.8185625076294,33.676685333252,13.5430793762207,-0.080078125,-0.8896484375,-0.6201171875,0,NaN
1639,268457130,NaN,NaN,NaN,NaN,1.84920692443848,8.78025150299072,5.01326560974121,-16.5005168914795,36.2177886962891,14.5148725509644,-0.073974609375,-0.8857421875,-0.626220703125,0,NaN
1640,268473797,NaN,NaN,NaN,NaN,1.68002438545227,8.68196582794189,4.9734058380127,-18.9065494537354,36.5758171081543,16.2168712615967,-0.067138671875,-0.878173828125,-0.629638671875,0,NaN
1641,268490464,NaN,NaN,NaN,NaN,1.3726179599762,8.40935325622559,4.91004037857056,-15.6212730407715,37.3726272583008,17.1060066223145,-0.05810546875,-0.873291015625,-0.629638671875,0,NaN
1642,268507131,NaN,NaN,NaN,NaN,1.09786868095398,8.37884140014648,4.89054346084595,-9.33919906616211,37.5117645263672,18.6878223419189,-0.05078125,-0.868408203125,-0.63623046875,0,NaN
1643,268523798,NaN,NaN,NaN,NaN,1.0296231508255,8.45191287994385,4.96430349349976,-3.9992880821228,36.758861541748,20.0216503143311,-0.044677734375,-0.86572265625,-0.638427734375,0,NaN
1644,268540465,NaN,NaN,NaN,NaN,1.07485997676849,8.65566158294678,5.07958793640137,-1.64706635475159,35.2115707397461,20.2917804718018,-0.0361328125,-0.86572265625,-0.641357421875,0,NaN
1645,268557132,NaN,NaN,NaN,NaN,0.955735564231873,8.63786697387695,5.11177015304565,-2.1269474029541,32.4220848083496,20.6295490264893,-0.032958984375,-0.863037109375,-0.6396484375,0,NaN
1646,268573799,NaN,NaN,NaN,NaN,0.734916031360626,8.61988925933838,5.18695259094238,-1.75819826126099,29.1894016265869,20.9782295227051,-0.026123046875,-0.86328125,-0.641357421875,0,NaN
1647,268590466,NaN,NaN,NaN,NaN,0.746903240680695,8.61155414581299,5.15252161026001,-1.46231806278229,26.4036731719971,20.9759998321533,-0.018798828125,-0.85888671875,-0.64697265625,0,NaN
1648,268607133,NaN,NaN,NaN,NaN,0.816813230514526,8.61769008636475,5.12395095825195,-0.719085454940796,24.3476696014404,20.5693359375,-0.01611328125,-0.861083984375,-0.64453125,0,NaN
1649,268623800,NaN,NaN,NaN,NaN,0.746214747428894,8.63649368286133,5.08995723724365,-1.1106276512146,21.8840446472168,19.5616416931152,-0.010986328125,-0.85888671875,-0.645263671875,0,NaN
1650,268640467,NaN,NaN,NaN,NaN,0.680927515029907,8.60222434997559,5.09667348861694,-1.343306183815,19.5971832275391,17.6295185089111,-0.01171875,-0.85791015625,-0.646240234375,0,NaN
1651,268657134,NaN,NaN,NaN,NaN,0.6727414727211,8.49404811859131,5.14484930038452,-1.43843126296997,17.5205307006836,15.9452304840088,-0.006591796875,-0.85791015625,-0.649169921875,0,NaN
1652,268673801,NaN,NaN,NaN,NaN,0.685618162155151,8.3766918182373,5.14955949783325,-0.463789105415344,15.7138528823853,14.8188676834106,-0.002685546875,-0.8564453125,-0.649169921875,0,NaN
1653,268690468,NaN,NaN,NaN,NaN,0.792672574520111,8.4041109085083,5.27803993225098,1.49748694896698,15.3924226760864,14.0286064147949,-0.002197265625,-0.855224609375,-0.64794921875,0,NaN
1654,268707135,NaN,NaN,NaN,NaN,0.884968757629395,8.52528667449951,5.36008977890015,2.06825399398804,15.2741289138794,13.1611289978027,-0.0009765625,-0.8564453125,-0.650146484375,0,NaN
1655,268723802,NaN,NaN,NaN,NaN,0.952962517738342,8.63512992858887,5.35019254684448,1.24070656299591,14.4381151199341,13.0914239883423,0.001220703125,-0.85302734375,-0.649169921875,0,NaN
1656,268740469,NaN,NaN,NaN,NaN,0.993734776973724,8.51511192321777,5.39110279083252,-0.992743015289307,13.6193780899048,12.6331214904785,0.00341796875,-0.85693359375,-0.649169921875,0,NaN
1657,268757136,NaN,NaN,NaN,NaN,0.984721302986145,8.29681205749512,5.4640588760376,-1.69011354446411,13.7239551544189,11.6088924407959,0.005126953125,-0.85205078125,-0.65185546875,0,NaN
1658,268773803,NaN,NaN,NaN,NaN,1.01089227199554,8.25077533721924,5.40803527832031,-0.865959823131561,13.5518341064453,11.8024454116821,0.01025390625,-0.853759765625,-0.649169921875,0,NaN
1659,268790470,NaN,NaN,NaN,NaN,1.13602924346924,8.36049938201904,5.38976573944092,1.25873756408691,13.7367324829102,12.3975458145142,0.0107421875,-0.8525390625,-0.6513671875,0,NaN
1660,268807137,NaN,NaN,NaN,NaN,1.32766878604889,8.45147609710693,5.27282857894897,3.70406317710876,15.4068326950073,13.5569896697998,0.013427734375,-0.852783203125,-0.650146484375,0,NaN
1661,268823804,NaN,NaN,NaN,NaN,1.51809525489807,8.39677143096924,5.20797300338745,6.04892492294312,17.7090282440186,14.4770059585571,0.017333984375,-0.853759765625,-0.650146484375,0,NaN
1662,268840471,NaN,NaN,NaN,NaN,1.59074342250824,8.39266300201416,5.22992467880249,4.89058828353882,18.8202476501465,14.2474002838135,0.01904296875,-0.8544921875,-0.653564453125,0,NaN
1663,268857138,NaN,NaN,NaN,NaN,1.67665112018585,8.35477352142334,5.13098764419556,4.0844521522522,19.0119857788086,14.12144947052,0.0224609375,-0.85498046875,-0.650146484375,0,NaN
1664,268873805,NaN,NaN,NaN,NaN,1.88143408298492,8.2667818069458,5.1234450340271,7.22806215286255,21.2163696289062,15.0658235549927,0.02734375,-0.8583984375,-0.65234375,0,NaN
1665,268890472,NaN,NaN,NaN,NaN,1.82046246528625,8.41894245147705,5.15149164199829,11.9095888137817,23.9815120697021,17.6153106689453,0.032470703125,-0.85693359375,-0.649658203125,0,NaN
1666,268907139,NaN,NaN,NaN,NaN,1.71270287036896,8.56906700134277,5.00387001037598,15.7356328964233,25.12184715271,20.7265071868896,0.03515625,-0.86181640625,-0.646240234375,0,NaN
1667,268923806,NaN,NaN,NaN,NaN,1.71961033344269,8.59551334381104,4.85427141189575,21.6060428619385,25.9543380737305,24.6963233947754,0.0400390625,-0.866455078125,-0.64501953125,0,NaN
1668,268940473,NaN,NaN,NaN,NaN,1.73756003379822,8.55593013763428,4.76493310928345,30.729024887085,27.0825843811035,29.833812713623,0.042724609375,-0.8720703125,-0.643798828125,0,NaN
1669,268957140,NaN,NaN,NaN,NaN,1.64345455169678,8.52033996582031,4.76961469650269,37.5860404968262,27.6531639099121,35.3740768432617,0.0458984375,-0.88330078125,-0.639404296875,0,NaN
1670,268973807,NaN,NaN,NaN,NaN,1.52634882926941,8.36568069458008,4.87421083450317,41.3520851135254,26.1883373260498,40.0444107055664,0.049072265625,-0.89208984375,-0.632080078125,0,NaN
1671,268990474,NaN,NaN,NaN,NaN,1.75810968875885,8.22456359863281,4.95173454284668,44.173210144043,25.1976375579834,44.0323295593262,0.046630859375,-0.9033203125,-0.629150390625,0,NaN
1672,269007141,NaN,NaN,NaN,NaN,2.07322406768799,8.32276725769043,4.8998122215271,41.7636375427246,26.8613681793213,47.4626846313477,0.048095703125,-0.912841796875,-0.61865234375,0,NaN
1673,269023808,NaN,NaN,NaN,NaN,2.02105855941772,8.37056446075439,4.63503456115723,37.8538932800293,27.9217662811279,50.2101554870605,0.04638671875,-0.922119140625,-0.613525390625,0,NaN
1674,269040475,NaN,NaN,NaN,NaN,1.91227889060974,8.30958557128906,4.35648345947266,38.4011268615723,28.5571746826172,51.8065643310547,0.046630859375,-0.932861328125,-0.609619140625,0,NaN
1675,269057142,NaN,NaN,NaN,NaN,1.80023980140686,8.38093090057373,4.2672061920166,41.4214134216309,29.6420726776123,51.6729049682617,0.043701171875,-0.941650390625,-0.60107421875,0,NaN
1676,269073809,NaN,NaN,NaN,NaN,1.75416779518127,8.53723430633545,4.39661979675293,38.9123764038086,30.4764175415039,50.3880729675293,0.048095703125,-0.95068359375,-0.598388671875,0,NaN
1677,269090476,NaN,NaN,NaN,NaN,1.84350740909576,8.68796730041504,4.45304870605469,29.3963661193848,29.8428649902344,48.583812713623,0.0478515625,-0.957275390625,-0.59375,0,NaN
1678,269107143,NaN,NaN,NaN,NaN,2.1390528678894,8.6802396774292,4.40059423446655,22.1381568908691,30.0227661132812,46.8838729858398,0.045654296875,-0.96435546875,-0.59033203125,0,NaN
1679,269123810,NaN,NaN,NaN,NaN,2.10717105865479,8.84689807891846,4.34147500991821,18.8742027282715,31.360502243042,44.3380012512207,0.04833984375,-0.96826171875,-0.5859375,0,NaN
1680,269140477,NaN,NaN,NaN,NaN,1.77367913722992,8.77095890045166,4.39240789413452,15.7471923828125,31.2040367126465,40.3143501281738,0.046630859375,-0.969482421875,-0.58544921875,0,NaN
1681,269157144,NaN,NaN,NaN,NaN,1.81495070457458,8.8176851272583,4.4366717338562,11.6471080780029,28.2706851959229,35.8517456054688,0.047119140625,-0.970458984375,-0.58251953125,0,NaN
1682,269173811,NaN,NaN,NaN,NaN,1.77174580097198,8.96408748626709,4.43199253082275,8.99948596954346,25.8751316070557,31.3729305267334,0.052001953125,-0.974609375,-0.584716796875,0,NaN
1683,269190478,NaN,NaN,NaN,NaN,1.47589015960693,9.06502819061279,4.45870590209961,8.13806629180908,24.4567794799805,27.9663906097412,0.05322265625,-0.976806640625,-0.58251953125,0,NaN
1684,269207145,NaN,NaN,NaN,NaN,1.30024421215057,9.02084541320801,4.5276460647583,6.68736219406128,22.1495552062988,24.7673377990723,0.055908203125,-0.976318359375,-0.58251953125,0,NaN
1685,269223812,NaN,NaN,NaN,NaN,1.33763921260834,9.05457210540771,4.58087348937988,4.19963645935059,19.2723560333252,21.1530628204346,0.05810546875,-0.977294921875,-0.577392578125,0,NaN
1686,269240479,NaN,NaN,NaN,NaN,1.34705138206482,9.07224082946777,4.47933387756348,2.44088268280029,16.4413642883301,17.6459484100342,0.05859375,-0.976806640625,-0.580322265625,0,NaN
1687,269257146,NaN,NaN,NaN,NaN,1.41246664524078,8.93405246734619,4.45426988601685,2.42147922515869,15.3943958282471,13.7835330963135,0.060302734375,-0.980224609375,-0.581298828125,0,NaN
1688,269273813,NaN,NaN,NaN,NaN,1.45568120479584,9.02057266235352,4.54269552230835,0.323078900575638,14.6752061843872,9.33334064483643,0.063232421875,-0.9775390625,-0.581298828125,0,NaN
1689,269290480,NaN,NaN,NaN,NaN,1.42760610580444,9.10696983337402,4.58135890960693,-4.95106077194214,12.9399824142456,5.52379369735718,0.0654296875,-0.97802734375,-0.583740234375,0,NaN
1690,269307147,NaN,NaN,NaN,NaN,1.41669225692749,8.94035339355469,4.46727323532104,-7.38518810272217,10.603175163269,2.00751161575317,0.067138671875,-0.9736328125,-0.5830078125,0,NaN
1691,269323814,NaN,NaN,NaN,NaN,1.48248529434204,8.77655029296875,4.48293447494507,-5.68543910980225,9.93623352050781,-1.31293964385986,0.06982421875,-0.971923828125,-0.5859375,0,NaN
1692,269340481,NaN,NaN,NaN,NaN,1.66183531284332,8.8023796081543,4.4519829750061,-4.48988914489746,9.73923301696777,-3.49797248840332,0.07373046875,-0.97216796875,-0.584716796875,0,NaN
1693,269357148,NaN,NaN,NaN,NaN,1.80335688591003,8.78390026092529,4.47291469573975,-3.3952271938324,9.25757312774658,-4.60471057891846,0.079345703125,-0.969970703125,-0.588134765625,0,NaN
1694,269373815,NaN,NaN,NaN,NaN,1.81443274021149,8.7362585067749,4.39566230773926,-1.6687638759613,7.94978713989258,-4.95817804336548,0.079345703125,-0.96826171875,-0.58642578125,0,NaN
1695,269390482,NaN,NaN,NaN,NaN,1.8227790594101,8.70571517944336,4.39325523376465,-0.603288054466248,8.2717113494873,-3.87429881095886,0.082275390625,-0.966552734375,-0.587646484375,0,NaN
1696,269407149,NaN,NaN,NaN,NaN,1.84954941272736,8.60153961181641,4.50801610946655,0.641751945018768,8.89166831970215,-1.5185067653656,0.087158203125,-0.968505859375,-0.58935546875,0,NaN
1697,269423816,NaN,NaN,NaN,NaN,1.8018970489502,8.29658699035645,4.45498037338257,7.87649822235107,10.091742515564,3.59528231620789,0.090576171875,-0.968017578125,-0.588623046875,0,NaN
1698,269440483,NaN,NaN,NaN,NaN,1.85604965686798,8.21835803985596,4.38071250915527,16.5921401977539,11.8831224441528,8.59591865539551,0.091064453125,-0.97412109375,-0.58251953125,0,NaN
1699,269457150,NaN,NaN,NaN,NaN,2.01129865646362,8.26341342926025,4.4287576675415,21.0499095916748,14.0915718078613,13.5981159210205,0.092529296875,-0.978515625,-0.58251953125,0,NaN
1700,269473817,NaN,NaN,NaN,NaN,2.24849486351013,8.28083992004395,4.44796943664551,18.8900375366211,14.232494354248,17.4188919067383,0.093017578125,-0.9833984375,-0.5791015625,0,NaN
1701,269490484,NaN,NaN,NaN,NaN,2.40233635902405,8.44506454467773,4.36341190338135,10.043402671814,15.2103691101074,18.0478134155273,0.09521484375,-0.986328125,-0.573486328125,0,NaN
1702,269507151,NaN,NaN,NaN,NaN,2.49775552749634,8.45935535430908,4.24533557891846,3.92971181869507,16.4859142303467,15.0631628036499,0.095703125,-0.986328125,-0.573974609375,0,NaN
1703,269523818,NaN,NaN,NaN,NaN,2.66101956367493,8.72236251831055,4.23277902603149,-2.56523585319519,15.0480251312256,8.51707553863525,0.097412109375,-0.988525390625,-0.57568359375,0,NaN
1704,269540485,NaN,NaN,NaN,NaN,2.62886190414429,8.76165103912354,4.53126001358032,-3.96599626541138,16.0720882415771,5.83247852325439,0.10302734375,-0.98583984375,-0.5791015625,0,NaN
1705,269557152,NaN,NaN,NaN,NaN,2.60468196868896,8.87927436828613,4.86246967315674,-8.8533992767334,20.6798477172852,5.52182626724243,0.104736328125,-0.98095703125,-0.577880859375,0,NaN
1706,269573819,NaN,NaN,NaN,NaN,2.25384187698364,8.75745677947998,4.76984882354736,-11.6327466964722,22.1833667755127,7.85537004470825,0.112060546875,-0.97998046875,-0.580810546875,0,NaN
1707,269590486,NaN,NaN,NaN,NaN,2.18671464920044,8.6242733001709,4.55423784255981,-10.2787942886353,23.041296005249,9.86842060089111,0.11376953125,-0.9765625,-0.5830078125,0,NaN
1708,269607153,NaN,NaN,NaN,NaN,2.04361939430237,8.60551643371582,4.42355108261108,-6.67421913146973,23.6092205047607,11.0631141662598,0.119873046875,-0.97119140625,-0.585693359375,0,NaN
1709,269623820,NaN,NaN,NaN,NaN,1.7804137468338,8.6550350189209,4.36288452148438,-6.7922797203064,22.1682777404785,11.6993188858032,0.123779296875,-0.972412109375,-0.58642578125,0,NaN
1710,269640487,NaN,NaN,NaN,NaN,1.69583284854889,8.38035202026367,4.22749328613281,-5.94407272338867,19.1862697601318,12.7977962493896,0.12841796875,-0.971923828125,-0.588134765625,0,NaN
1711,269657154,NaN,NaN,NaN,NaN,1.63398969173431,8.28792572021484,4.25439023971558,-2.37524247169495,16.1635856628418,14.2962255477905,0.1298828125,-0.970703125,-0.585693359375,0,NaN
1712,269673821,NaN,NaN,NaN,NaN,1.59592819213867,8.14658737182617,4.28618717193604,3.01943349838257,11.3691711425781,14.9842929840088,0.1298828125,-0.972412109375,-0.588134765625,0,NaN
1713,269690488,NaN,NaN,NaN,NaN,1.76033174991608,8.40000820159912,4.18797826766968,10.0837059020996,8.6718692779541,14.1395864486694,0.128173828125,-0.97509765625,-0.5869140625,0,NaN
1714,269707155,NaN,NaN,NaN,NaN,2.01049137115479,8.85582160949707,4.39992046356201,7.27420616149902,8.94009590148926,12.8889255523682,0.1328125,-0.971923828125,-0.585205078125,0,NaN
1715,269723822,NaN,NaN,NaN,NaN,1.87648510932922,8.59528064727783,4.63175439834595,3.38698744773865,6.17004013061523,12.7651491165161,0.13330078125,-0.975830078125,-0.584716796875,0,NaN
1716,269740489,NaN,NaN,NaN,NaN,2.04864811897278,8.50536918640137,4.6874566078186,0.872304975986481,6.07116079330444,10.780966758728,0.12939453125,-0.97412109375,-0.584716796875,0,NaN
1717,269757156,NaN,NaN,NaN,NaN,2.04838705062866,8.60891437530518,4.75527620315552,1.75781309604645,6.31588840484619,9.81755542755127,0.1337890625,-0.975341796875,-0.583984375,0,NaN
1718,269773823,NaN,NaN,NaN,NaN,2.04998826980591,8.639723777771,4.66541910171509,1.02563548088074,7.21234750747681,9.97970008850098,0.131591796875,-0.97509765625,-0.583984375,0,NaN
1719,269790490,NaN,NaN,NaN,NaN,1.89669704437256,8.60460186004639,4.72862720489502,0.135913863778114,7.28720140457153,10.3631086349487,0.13037109375,-0.974609375,-0.58349609375,0,NaN
1720,269807157,NaN,NaN,NaN,NaN,1.85536575317383,8.64069175720215,4.82015752792358,-0.749946534633636,6.03997707366943,9.31216716766357,0.13330078125,-0.971923828125,-0.583984375,0,NaN
1721,269823824,NaN,NaN,NaN,NaN,1.90824902057648,8.69533824920654,4.77237319946289,-2.13225150108337,5.68787860870361,7.81259250640869,0.1337890625,-0.97412109375,-0.5830078125,0,NaN
1722,269840491,NaN,NaN,NaN,NaN,1.83450794219971,8.74238681793213,4.59520673751831,-2.45582985877991,5.70844507217407,7.11850118637085,0.1337890625,-0.9736328125,-0.585205078125,0,NaN
1723,269857158,NaN,NaN,NaN,NaN,1.71965026855469,8.69619655609131,4.54565143585205,-1.37661230564117,4.97681713104248,6.07263135910034,0.135498046875,-0.9697265625,-0.585693359375,0,NaN
1724,269873825,NaN,NaN,NaN,NaN,1.75796365737915,8.71357536315918,4.53892469406128,-0.643909692764282,3.81893038749695,3.76780772209167,0.135009765625,-0.970703125,-0.583984375,0,NaN
1725,269890492,NaN,NaN,NaN,NaN,1.82985019683838,8.72658920288086,4.52559280395508,0.080231785774231,2.45949769020081,1.10197365283966,0.1328125,-0.972900390625,-0.58642578125,0,NaN
1726,269907159,NaN,NaN,NaN,NaN,1.85801100730896,8.73702716827393,4.45962285995483,0.250223278999329,1.27371966838837,-0.311379969120026,0.1376953125,-0.970703125,-0.583984375,0,NaN
1727,269923826,NaN,NaN,NaN,NaN,1.77418553829193,8.70813941955566,4.45121669769287,-0.711757719516754,0.0419792197644711,-2.29355955123901,0.13623046875,-0.97021484375,-0.58740234375,0,NaN
1728,269940493,NaN,NaN,NaN,NaN,1.84021329879761,8.53759002685547,4.50137376785278,1.07838428020477,-1.51568925380707,-3.20446276664734,0.13720703125,-0.97314453125,-0.585205078125,0,NaN
1729,269957160,NaN,NaN,NaN,NaN,1.9915109872818,8.53563404083252,4.48880338668823,2.32896304130554,-3.16472482681274,-3.91935205459595,0.13671875,-0.9736328125,-0.5869140625,0,NaN
1730,269973827,NaN,NaN,NaN,NaN,1.99335813522339,8.53528499603271,4.48373222351074,4.32095241546631,-3.9594099521637,-4.10167598724365,0.13720703125,-0.974853515625,-0.58642578125,0,NaN
1731,269990494,NaN,NaN,NaN,NaN,1.96463882923126,8.43088531494141,4.47774076461792,6.47650575637817,-4.91891384124756,-2.81157732009888,0.13818359375,-0.974853515625,-0.583984375,0,NaN
1732,270007161,NaN,NaN,NaN,NaN,2.05778861045837,8.39485359191895,4.55437469482422,10.2694282531738,-5.91102266311646,-1.61180126667023,0.13818359375,-0.9736328125,-0.58349609375,0,NaN
1733,270023828,NaN,NaN,NaN,NaN,2.12511897087097,8.48842620849609,4.69334840774536,11.3305006027222,-5.10770654678345,-1.28590548038483,0.136474609375,-0.9775390625,-0.581298828125,0,NaN
1734,270040495,NaN,NaN,NaN,NaN,2.19262957572937,8.57638740539551,4.76361036300659,9.94970512390137,-4.28887987136841,-1.12617158889771,0.13427734375,-0.98193359375,-0.581298828125,0,NaN
1735,270057162,NaN,NaN,NaN,NaN,2.19089388847351,8.56005477905273,4.77027273178101,6.28114461898804,-3.26766228675842,-0.53727126121521,0.13427734375,-0.98291015625,-0.57666015625,0,NaN
1736,270073829,NaN,NaN,NaN,NaN,2.17300295829773,8.48495960235596,4.77691459655762,4.46939039230347,-2.28010010719299,-0.202282682061195,0.13427734375,-0.984619140625,-0.57666015625,0,NaN
1737,270090496,NaN,NaN,NaN,NaN,2.18509387969971,8.46207237243652,4.7335410118103,4.38142395019531,-0.374361664056778,-0.313505858182907,0.133056640625,-0.9833984375,-0.57568359375,0,NaN
1738,270107163,NaN,NaN,NaN,NaN,2.14387059211731,8.53512001037598,4.65136957168579,4.37007808685303,1.94606626033783,-0.431606084108353,0.13525390625,-0.98583984375,-0.577880859375,0,NaN
1739,270123830,NaN,NaN,NaN,NaN,2.10229754447937,8.51040649414062,4.5658106803894,1.51577246189117,2.66124939918518,0.584212899208069,0.132568359375,-0.985107421875,-0.57666015625,0,NaN
1740,270140497,NaN,NaN,NaN,NaN,2.12146878242493,8.4484167098999,4.58490085601807,0.0932686477899551,3.24278569221497,1.88850116729736,0.1357421875,-0.986328125,-0.57666015625,0,NaN
1741,270157164,NaN,NaN,NaN,NaN,2.11892247200012,8.42125797271729,4.6280837059021,0.222100526094437,4.35652780532837,2.19461131095886,0.136962890625,-0.986328125,-0.576171875,0,NaN
1742,270173831,NaN,NaN,NaN,NaN,2.04860877990723,8.46157360076904,4.56925058364868,-0.392802834510803,4.05361986160278,2.32719564437866,0.137939453125,-0.984130859375,-0.573974609375,0,NaN
1743,270190498,NaN,NaN,NaN,NaN,2.04045987129211,8.45935916900635,4.48855638504028,-1.74612665176392,2.75332689285278,1.92218196392059,0.138671875,-0.983642578125,-0.577392578125,0,NaN
1744,270207165,NaN,NaN,NaN,NaN,2.07650184631348,8.51400852203369,4.4299955368042,-0.919463932514191,1.89604437351227,1.06199216842651,0.1396484375,-0.983642578125,-0.577880859375,0,NaN
1745,270223832,NaN,NaN,NaN,NaN,2.10203742980957,8.58834934234619,4.41792488098145,-0.371441781520844,0.997704207897186,0.166252017021179,0.138671875,-0.983642578125,-0.577880859375,0,NaN
1746,270240499,NaN,NaN,NaN,NaN,2.1216185092926,8.58725929260254,4.44024324417114,0.419676870107651,-0.459242075681686,-0.626851558685303,0.140869140625,-0.984130859375,-0.57568359375,0,NaN
1747,270257166,NaN,NaN,NaN,NaN,2.13933515548706,8.53546905517578,4.40885257720947,1.90266513824463,-1.83880627155304,-1.19040787220001,0.140380859375,-0.984130859375,-0.578369140625,0,NaN
1748,270273833,NaN,NaN,NaN,NaN,2.19921708106995,8.52966022491455,4.45366859436035,4.92274904251099,-3.08264875411987,-1.35792791843414,0.140869140625,-0.98486328125,-0.578369140625,0,NaN
1749,270290500,NaN,NaN,NaN,NaN,2.19244456291199,8.63390731811523,4.52976274490356,6.53873157501221,-3.78419375419617,-1.77889835834503,0.13916015625,-0.983642578125,-0.577880859375,0,NaN
1750,270307167,NaN,NaN,NaN,NaN,2.22123527526855,8.69351005554199,4.57505464553833,6.55381679534912,-4.0231728553772,-1.79728806018829,0.140380859375,-0.98583984375,-0.577392578125,0,NaN
1751,270323834,NaN,NaN,NaN,NaN,2.19983196258545,8.64932632446289,4.55666017532349,5.30660629272461,-4.06775236129761,-1.47811543941498,0.138427734375,-0.988037109375,-0.573974609375,0,NaN
1752,270340501,NaN,NaN,NaN,NaN,2.14246225357056,8.59145069122314,4.52484035491943,5.43283987045288,-4.13188695907593,-1.2447327375412,0.13623046875,-0.986328125,-0.57275390625,0,NaN
1753,270357168,NaN,NaN,NaN,NaN,2.11371612548828,8.56126308441162,4.52893781661987,6.35812330245972,-4.00452709197998,-0.900830805301666,0.13623046875,-0.988525390625,-0.57568359375,0,NaN
1754,270373835,NaN,NaN,NaN,NaN,2.15090203285217,8.64638805389404,4.5889687538147,6.12144994735718,-3.26735520362854,-0.63371604681015,0.13623046875,-0.991455078125,-0.572265625,0,NaN
1755,270390502,NaN,NaN,NaN,NaN,2.15233325958252,8.69231510162354,4.62100315093994,3.18025255203247,-2.06821942329407,-0.376666814088821,0.137939453125,-0.991455078125,-0.571044921875,0,NaN
1756,270407169,NaN,NaN,NaN,NaN,2.1027684211731,8.6033878326416,4.53559875488281,0.32812425494194,-1.78750383853912,0.209639936685562,0.138427734375,-0.9931640625,-0.572265625,0,NaN
1757,270423836,NaN,NaN,NaN,NaN,2.06736278533936,8.52840614318848,4.50813007354736,0.890745639801025,-1.59101593494415,0.126603573560715,0.134033203125,-0.99462890625,-0.572265625,0,NaN
1758,270440503,NaN,NaN,NaN,NaN,2.08129906654358,8.51839828491211,4.526939868927,1.65173745155334,-0.999836504459381,-0.189437925815582,0.13623046875,-0.992431640625,-0.570556640625,0,NaN
1759,270457170,NaN,NaN,NaN,NaN,2.04306674003601,8.49839115142822,4.48113012313843,1.22570836544037,-1.40798759460449,-0.0115193100646138,0.137451171875,-0.990234375,-0.57275390625,0,NaN
1760,270473837,NaN,NaN,NaN,NaN,2.10212135314941,8.51750183105469,4.43368339538574,1.12023532390594,-2.05036687850952,0.513944447040558,0.13720703125,-0.991455078125,-0.570068359375,0,NaN
1761,270490504,NaN,NaN,NaN,NaN,2.12615704536438,8.62716007232666,4.46651554107666,1.49222159385681,-2.12183928489685,0.534357786178589,0.13671875,-0.994140625,-0.572265625,0,NaN
1762,270507171,NaN,NaN,NaN,NaN,2.09365653991699,8.56287670135498,4.38365030288696,1.54687905311584,-1.63697826862335,0.0891962349414825,0.13623046875,-0.99462890625,-0.573486328125,0,NaN
1763,270523838,NaN,NaN,NaN,NaN,2.0812451839447,8.4272403717041,4.41518926620483,2.29409122467041,-2.12365770339966,-0.0687637031078339,0.137451171875,-0.991455078125,-0.57275390625,0,NaN
1764,270540505,NaN,NaN,NaN,NaN,2.10503673553467,8.50030326843262,4.54396867752075,2.61102223396301,-2.33479595184326,-0.0266820285469294,0.13671875,-0.992431640625,-0.56884765625,0,NaN
1765,270557172,NaN,NaN,NaN,NaN,2.1325466632843,8.65657520294189,4.50102806091309,0.666250348091125,-2.45575189590454,-0.149968758225441,0.134033203125,-0.9912109375,-0.570556640625,0,NaN
1766,270573839,NaN,NaN,NaN,NaN,2.11287331581116,8.60998439788818,4.40852737426758,-0.261255949735641,-2.07619738578796,-0.0505402572453022,0.135009765625,-0.994140625,-0.57177734375,0,NaN
1767,270590506,NaN,NaN,NaN,NaN,2.12061595916748,8.55970764160156,4.38368225097656,-0.09474778175354,-1.79791557788849,0.169517651200294,0.13623046875,-0.991455078125,-0.573974609375,0,NaN
1768,270607173,NaN,NaN,NaN,NaN,2.04876613616943,8.55291557312012,4.36783695220947,0.506913661956787,-1.86080718040466,-0.120334848761559,0.134521484375,-0.991943359375,-0.57177734375,0,NaN
1769,270623840,NaN,NaN,NaN,NaN,2.06187748908997,8.55675315856934,4.4065728187561,1.51940953731537,-1.85601794719696,-0.0832604914903641,0.133544921875,-0.992431640625,-0.571044921875,0,NaN
1770,270640507,NaN,NaN,NaN,NaN,2.04429268836975,8.59169101715088,4.49246263504028,1.53749191761017,-1.83057177066803,0.169095054268837,0.134033203125,-0.990234375,-0.569580078125,0,NaN
1771,270657174,NaN,NaN,NaN,NaN,2.04541897773743,8.66653728485107,4.48067474365234,-0.17970509827137,-1.74829077720642,0.236059427261353,0.1357421875,-0.99365234375,-0.572265625,0,NaN
1772,270673841,NaN,NaN,NaN,NaN,2.08187985420227,8.64069938659668,4.42934560775757,-1.66485750675201,-1.98039305210114,0.515660464763641,0.13525390625,-0.988037109375,-0.573486328125,0,NaN
1773,270690508,NaN,NaN,NaN,NaN,2.08931374549866,8.56899642944336,4.37169122695923,-1.21731388568878,-1.88391005992889,0.69631963968277,0.130126953125,-0.991943359375,-0.57177734375,0,NaN
1774,270707175,NaN,NaN,NaN,NaN,2.11767244338989,8.55745029449463,4.4843897819519,0.931405782699585,-1.58262777328491,0.562032282352448,0.133544921875,-0.9912109375,-0.57275390625,0,NaN
1775,270723842,NaN,NaN,NaN,NaN,2.11456823348999,8.58465194702148,4.51595401763916,0.521192848682404,-1.52140080928802,0.744945347309113,0.133544921875,-0.989013671875,-0.57275390625,0,NaN
1776,270740509,NaN,NaN,NaN,NaN,2.12658357620239,8.62577438354492,4.51982736587524,-0.326978087425232,-1.85168921947479,0.819042861461639,0.134521484375,-0.990234375,-0.57177734375,0,NaN
1777,270757176,NaN,NaN,NaN,NaN,2.1251654624939,8.64259243011475,4.48301362991333,-1.63273918628693,-1.46510410308838,0.579103112220764,0.1318359375,-0.988037109375,-0.573974609375,0,NaN
1778,270773843,NaN,NaN,NaN,NaN,2.12685537338257,8.57970714569092,4.46747589111328,-0.970625281333923,-0.860913336277008,0.391080319881439,0.1318359375,-0.9912109375,-0.571044921875,0,NaN
1779,270790510,NaN,NaN,NaN,NaN,2.09939813613892,8.5350227355957,4.54520559310913,-0.226653158664703,-0.486788541078568,0.379080772399902,0.1328125,-0.99072265625,-0.570556640625,0,NaN
1780,270807177,NaN,NaN,NaN,NaN,2.13199162483215,8.58470344543457,4.58062791824341,-0.0106740910559893,-0.601392567157745,-0.00761337485164404,0.13232421875,-0.988525390625,-0.5751953125,0,NaN
1781,270823844,NaN,NaN,NaN,NaN,2.10638976097107,8.62277603149414,4.53808546066284,-0.348800122737885,-0.75396740436554,0.106574438512325,0.1328125,-0.988037109375,-0.57177734375,0,NaN
1782,270840511,NaN,NaN,NaN,NaN,2.08776354789734,8.55969905853271,4.51271343231201,0.0722021982073784,-0.875486850738525,-0.114904969930649,0.1318359375,-0.985107421875,-0.57177734375,0,NaN
1783,270857178,NaN,NaN,NaN,NaN,2.11035633087158,8.56049633026123,4.47373008728027,1.76338326931,-1.1117000579834,-0.230968937277794,0.13232421875,-0.988525390625,-0.573974609375,0,NaN
1784,270873845,NaN,NaN,NaN,NaN,2.13489747047424,8.59199047088623,4.49428415298462,2.89057278633118,-1.14828777313232,-0.0909186899662018,0.133056640625,-0.988525390625,-0.57275390625,0,NaN
1785,270890512,NaN,NaN,NaN,NaN,2.13056683540344,8.62224674224854,4.49523782730103,2.73824095726013,-0.969984948635101,0.0711136609315872,0.134521484375,-0.988525390625,-0.573974609375,0,NaN
1786,270907179,NaN,NaN,NaN,NaN,2.11076545715332,8.64495277404785,4.49353742599487,1.82053804397583,-1.20701777935028,0.189290657639503,0.133544921875,-0.988525390625,-0.57275390625,0,NaN
1787,270923846,NaN,NaN,NaN,NaN,2.11822104454041,8.61174011230469,4.44962978363037,1.43930566310883,-1.14001488685608,0.231064960360527,0.130615234375,-0.989013671875,-0.572265625,0,NaN
1788,270940513,NaN,NaN,NaN,NaN,2.09605932235718,8.53870105743408,4.43749761581421,1.70273208618164,-0.943398952484131,0.190788984298706,0.133544921875,-0.9873046875,-0.57275390625,0,NaN
1789,270957180,NaN,NaN,NaN,NaN,2.070955991745,8.5782299041748,4.4916524887085,1.66355752944946,-1.04468441009521,0.163652315735817,0.13232421875,-0.99072265625,-0.573974609375,0,NaN
1790,270973847,NaN,NaN,NaN,NaN,2.0854651927948,8.62336349487305,4.48873949050903,0.76000565290451,-1.352907538414,0.42851322889328,0.135009765625,-0.9912109375,-0.570556640625,0,NaN
1791,270990514,NaN,NaN,NaN,NaN,2.09983706474304,8.65218448638916,4.45749711990356,0.121186502277851,-1.35389375686646,0.529837131500244,0.133544921875,-0.98974609375,-0.574462890625,0,NaN
1792,271007181,NaN,NaN,NaN,NaN,2.08446741104126,8.60153293609619,4.42315912246704,0.786578893661499,-1.15271878242493,0.416270405054092,0.133056640625,-0.99072265625,-0.573486328125,0,NaN
1793,271023848,NaN,NaN,NaN,NaN,2.08801031112671,8.57366466522217,4.52391242980957,1.54102671146393,-0.849771797657013,0.202045798301697,0.133544921875,-0.988525390625,-0.572265625,0,NaN
1794,271040515,NaN,NaN,NaN,NaN,2.0766077041626,8.61481666564941,4.5361328125,0.488664656877518,-0.678794145584106,-0.22920161485672,0.130859375,-0.99072265625,-0.574462890625,0,NaN
1795,271057182,NaN,NaN,NaN,NaN,2.10551929473877,8.60841751098633,4.4501633644104,-0.212053969502449,-1.13338124752045,-0.330371797084808,0.13232421875,-0.988525390625,-0.571044921875,0,NaN
1796,271073849,NaN,NaN,NaN,NaN,2.08204770088196,8.57934284210205,4.40000486373901,-0.184187307953835,-1.05180466175079,-0.458947509527206,0.13232421875,-0.98974609375,-0.572265625,0,NaN
1797,271090516,NaN,NaN,NaN,NaN,2.07864451408386,8.50316524505615,4.42054271697998,1.03242242336273,-1.32191646099091,-0.434717983007431,0.133056640625,-0.99072265625,-0.574462890625,0,NaN
1798,271107183,NaN,NaN,NaN,NaN,2.11833453178406,8.54764556884766,4.46267366409302,1.29486274719238,-1.49745261669159,-0.362835854291916,0.133544921875,-0.98974609375,-0.576171875,0,NaN
1799,271123850,NaN,NaN,NaN,NaN,2.11086559295654,8.58691787719727,4.48340892791748,0.598786592483521,-1.57271599769592,-0.0559573471546173,0.134033203125,-0.989013671875,-0.573974609375,0,NaN
1800,271140517,NaN,NaN,NaN,NaN,2.1151602268219,8.59890651702881,4.45988082885742,0.480788767337799,-1.79648101329803,0.419113337993622,0.134033203125,-0.98974609375,-0.573486328125,0,NaN
1801,271157184,NaN,NaN,NaN,NaN,2.11832499504089,8.5780611038208,4.52446985244751,0.565605223178864,-1.70757949352264,0.675278782844543,0.13134765625,-0.988525390625,-0.57177734375,0,NaN
1802,271173851,NaN,NaN,NaN,NaN,2.09826517105103,8.5706148147583,4.52524042129517,0.0885815024375916,-1.73297417163849,0.590948879718781,0.13232421875,-0.98974609375,-0.573974609375,0,NaN
1803,271190518,NaN,NaN,NaN,NaN,2.13235688209534,8.57380485534668,4.48484992980957,0.172898530960083,-1.40287804603577,0.601988136768341,0.13232421875,-0.98974609375,-0.573486328125,0,NaN
1804,271207185,NaN,NaN,NaN,NaN,2.09033823013306,8.53781318664551,4.49149465560913,1.17961847782135,-0.973020136356354,0.513316929340363,0.133544921875,-0.98974609375,-0.574462890625,0,NaN
1805,271223852,NaN,NaN,NaN,NaN,2.08012890815735,8.59230136871338,4.50382041931152,1.88321185112,-0.740226089954376,0.33146670460701,0.13134765625,-0.9873046875,-0.573486328125,0,NaN
1806,271240519,NaN,NaN,NaN,NaN,2.06533432006836,8.63576221466064,4.49824094772339,0.921506643295288,-0.883452475070953,0.345067143440247,0.133544921875,-0.9873046875,-0.572265625,0,NaN
1807,271257186,NaN,NaN,NaN,NaN,2.07713961601257,8.58587741851807,4.45098066329956,0.0695256739854813,-1.15930116176605,0.276758015155792,0.133056640625,-0.988525390625,-0.573974609375,0,NaN
1808,271273853,NaN,NaN,NaN,NaN,2.07930517196655,8.55263328552246,4.45472145080566,0.700481772422791,-1.06955432891846,0.0145224016159773,0.13232421875,-0.98974609375,-0.57568359375,0,NaN
1809,271290520,NaN,NaN,NaN,NaN,2.07865190505981,8.58077335357666,4.49858283996582,1.33148908615112,-0.813465774059296,-0.12814673781395,0.133056640625,-0.9873046875,-0.57275390625,0,NaN
1810,271307187,NaN,NaN,NaN,NaN,2.05392169952393,8.63506889343262,4.47269010543823,0.406102120876312,-1.06876027584076,-0.0940050110220909,0.130126953125,-0.986328125,-0.573974609375,0,NaN
1811,271323854,NaN,NaN,NaN,NaN,2.06677913665771,8.57737731933594,4.4232931137085,0.581587553024292,-1.13847815990448,-0.299777448177338,0.133056640625,-0.987548828125,-0.57568359375,0,NaN
1812,271340521,NaN,NaN,NaN,NaN,2.0666880607605,8.58614158630371,4.42734003067017,1.65943396091461,-0.802669942378998,-0.535158157348633,0.13134765625,-0.987548828125,-0.577392578125,0,NaN
1813,271357188,NaN,NaN,NaN,NaN,2.06748366355896,8.609450340271,4.49454402923584,2.32337927818298,-0.825644612312317,-0.584962069988251,0.134033203125,-0.988037109375,-0.5751953125,0,NaN
1814,271373855,NaN,NaN,NaN,NaN,2.04999232292175,8.64122772216797,4.51169538497925,1.13507795333862,-0.682559192180634,-0.816526472568512,0.134033203125,-0.988037109375,-0.574462890625,0,NaN
1815,271390522,NaN,NaN,NaN,NaN,2.04072976112366,8.55641269683838,4.48325967788696,0.421789914369583,-0.662594079971313,-0.973224937915802,0.13427734375,-0.98681640625,-0.577880859375,0,NaN
1816,271407189,NaN,NaN,NaN,NaN,2.06770968437195,8.57132911682129,4.48988389968872,0.990878582000732,-0.519098997116089,-0.989898920059204,0.134033203125,-0.98974609375,-0.5751953125,0,NaN
1817,271423856,NaN,NaN,NaN,NaN,2.06970572471619,8.63848781585693,4.46971225738525,1.50743544101715,-0.38716796040535,-0.6844801902771,0.133544921875,-0.987548828125,-0.57666015625,0,NaN
1818,271440523,NaN,NaN,NaN,NaN,2.06570196151733,8.63645839691162,4.47640752792358,0.80243307352066,-0.523824512958527,-0.115916676819324,0.134765625,-0.988525390625,-0.5751953125,0,NaN
1819,271457190,NaN,NaN,NaN,NaN,2.0931077003479,8.60842800140381,4.47249794006348,0.505569040775299,-0.559720754623413,0.21838666498661,0.133544921875,-0.988525390625,-0.574462890625,0,NaN
1820,271473857,NaN,NaN,NaN,NaN,2.09797477722168,8.6515998840332,4.48340606689453,1.33552289009094,-0.392610639333725,0.354095578193665,0.136962890625,-0.98681640625,-0.574462890625,0,NaN
1821,271490524,NaN,NaN,NaN,NaN,2.09628462791443,8.61778736114502,4.44591045379639,1.78583264350891,-0.276457071304321,0.436004966497421,0.133544921875,-0.987548828125,-0.574462890625,0,NaN
1822,271507191,NaN,NaN,NaN,NaN,2.0612633228302,8.60018730163574,4.46208810806274,1.53541743755341,-0.467566251754761,0.518183350563049,0.134033203125,-0.988525390625,-0.5751953125,0,NaN
1823,271523858,NaN,NaN,NaN,NaN,2.04973816871643,8.63312435150146,4.50890064239502,1.23305928707123,-0.613430500030518,0.0629816204309464,0.134033203125,-0.99072265625,-0.574462890625,0,NaN
1824,271540525,NaN,NaN,NaN,NaN,2.06654763221741,8.61277294158936,4.47017192840576,1.23483955860138,-0.450341701507568,-0.120168387889862,0.134521484375,-0.9873046875,-0.572265625,0,NaN
1825,271557192,NaN,NaN,NaN,NaN,2.04453635215759,8.59354114532471,4.45219469070435,1.12448728084564,-0.479745090007782,-0.170625403523445,0.13525390625,-0.988525390625,-0.573974609375,0,NaN
1826,271573859,NaN,NaN,NaN,NaN,2.01313853263855,8.53553104400635,4.45348262786865,0.960143208503723,-0.665411472320557,-0.427456736564636,0.134521484375,-0.988037109375,-0.57275390625,0,NaN
1827,271590526,NaN,NaN,NaN,NaN,2.06918787956238,8.53603076934814,4.49526786804199,1.77187371253967,-0.878573179244995,-0.492948412895203,0.13623046875,-0.989013671875,-0.57275390625,0,NaN
1828,271607193,NaN,NaN,NaN,NaN,2.10181856155396,8.58271789550781,4.54237461090088,1.96217608451843,-0.586703777313232,-0.677219092845917,0.134033203125,-0.990234375,-0.57275390625,0,NaN
1829,271623860,NaN,NaN,NaN,NaN,2.06187963485718,8.6001443862915,4.4964919090271,0.864825546741486,-0.598011672496796,-0.503321528434753,0.13525390625,-0.991943359375,-0.5751953125,0,NaN
1830,271640527,NaN,NaN,NaN,NaN,2.05588841438293,8.52513122558594,4.48149919509888,0.999638020992279,-0.870940566062927,-0.297024071216583,0.13671875,-0.991455078125,-0.571044921875,0,NaN
1831,271657194,NaN,NaN,NaN,NaN,2.05850481987,8.52103137969971,4.47576808929443,1.53249740600586,-0.633536517620087,-0.131399542093277,0.1328125,-0.990234375,-0.57177734375,0,NaN
1832,271673861,NaN,NaN,NaN,NaN,2.03251552581787,8.56014728546143,4.508957862854,1.26096439361572,-0.336326748132706,-0.0316637009382248,0.13623046875,-0.9892578125,-0.574462890625,0,NaN
1833,271690528,NaN,NaN,NaN,NaN,2.00032687187195,8.56074333190918,4.48674201965332,0.283186823129654,-0.54778516292572,0.246304526925087,0.13671875,-0.990234375,-0.573486328125,0,NaN
1834,271707195,NaN,NaN,NaN,NaN,2.0342161655426,8.56590461730957,4.44573020935059,0.593625485897064,-0.50307822227478,0.857897341251373,0.13525390625,-0.988525390625,-0.576171875,0,NaN
1835,271723862,NaN,NaN,NaN,NaN,2.01747107505798,8.55732154846191,4.4609546661377,1.02697968482971,-0.301800847053528,1.07511866092682,0.13525390625,-0.988525390625,-0.57666015625,0,NaN
1836,271740529,NaN,NaN,NaN,NaN,2.02297449111938,8.55411243438721,4.43057823181152,2.02510643005371,-0.464300572872162,1.17389392852783,0.138916015625,-0.9892578125,-0.57177734375,0,NaN
1837,271757196,NaN,NaN,NaN,NaN,2.03890156745911,8.58307361602783,4.50541210174561,1.58337700366974,-0.360838085412979,1.27019774913788,0.13623046875,-0.98974609375,-0.573486328125,0,NaN
1838,271773863,NaN,NaN,NaN,NaN,2.033282995224,8.60399055480957,4.53973245620728,-0.212246030569077,-0.59315812587738,1.27332246303558,0.1357421875,-0.991943359375,-0.573486328125,0,NaN
1839,271790530,NaN,NaN,NaN,NaN,2.02350568771362,8.57666397094727,4.48026132583618,-0.920744597911835,-0.651990473270416,1.05912363529205,0.13623046875,-0.990966796875,-0.57666015625,0,NaN
1840,271807197,NaN,NaN,NaN,NaN,2.07087421417236,8.55969905853271,4.43478155136108,-0.312391668558121,-0.391355633735657,0.721048653125763,0.136962890625,-0.990234375,-0.574462890625,0,NaN
1841,271823864,NaN,NaN,NaN,NaN,2.04269027709961,8.53624629974365,4.44903087615967,0.192569077014923,-0.0142726758494973,0.335411101579666,0.136962890625,-0.98974609375,-0.574462890625,0,NaN
1842,271840531,NaN,NaN,NaN,NaN,2.02956199645996,8.58027648925781,4.52419900894165,0.333566933870316,-0.0798027589917183,0.277308702468872,0.13525390625,-0.9892578125,-0.5751953125,0,NaN
1843,271857198,NaN,NaN,NaN,NaN,2.05820751190186,8.58941650390625,4.57233476638794,-0.430991291999817,-0.124227985739708,0.187677040696144,0.136962890625,-0.9892578125,-0.574462890625,0,NaN
1844,271873865,NaN,NaN,NaN,NaN,2.06220149993896,8.58078670501709,4.52904176712036,-1.12508261203766,-0.229432135820389,0.398379951715469,0.136962890625,-0.988037109375,-0.574462890625,0,NaN
1845,271890532,NaN,NaN,NaN,NaN,2.06317114830017,8.56070613861084,4.46293210983276,-0.446999222040176,-0.356150954961777,0.470479667186737,0.136962890625,-0.988037109375,-0.573486328125,0,NaN
1846,271907199,NaN,NaN,NaN,NaN,2.08723545074463,8.62192821502686,4.46178722381592,0.444572389125824,-0.179794758558273,0.306033313274384,0.136962890625,-0.987060546875,-0.57666015625,0,NaN
1847,271923866,NaN,NaN,NaN,NaN,2.08330416679382,8.58481311798096,4.51100158691406,1.33972346782684,-0.0506555177271366,0.281086593866348,0.137939453125,-0.988037109375,-0.57568359375,0,NaN
1848,271940533,NaN,NaN,NaN,NaN,2.06802248954773,8.57786560058594,4.53759336471558,0.831324100494385,-0.385989725589752,0.265385955572128,0.137451171875,-0.988037109375,-0.577880859375,0,NaN
1849,271957200,NaN,NaN,NaN,NaN,2.06588864326477,8.6004524230957,4.52749061584473,-0.693290948867798,-0.844918131828308,0.273428350687027,0.136962890625,-0.9853515625,-0.5751953125,0,NaN
1850,271973867,NaN,NaN,NaN,NaN,2.0831880569458,8.60444641113281,4.44220876693726,-0.538065195083618,-0.966194212436676,0.185423120856285,0.137451171875,-0.98681640625,-0.5751953125,0,NaN
1851,271990534,NaN,NaN,NaN,NaN,2.09803009033203,8.61656188964844,4.46368503570557,0.347077667713165,-0.804808616638184,0.0900798514485359,0.137939453125,-0.984619140625,-0.576171875,0,NaN
1852,272007201,NaN,NaN,NaN,NaN,2.06850957870483,8.60190677642822,4.45122385025024,1.6186455488205,-1.1523984670639,0.000845219008624554,0.137451171875,-0.9853515625,-0.576171875,0,NaN
1853,272023868,NaN,NaN,NaN,NaN,2.06201267242432,8.630690574646,4.4898247718811,1.68712139129639,-1.38827884197235,0.216862738132477,0.138671875,-0.984619140625,-0.57568359375,0,NaN
1854,272040535,NaN,NaN,NaN,NaN,2.07734966278076,8.60323238372803,4.53127288818359,1.13436079025269,-1.68537318706512,0.328073054552078,0.13916015625,-0.98583984375,-0.5751953125,0,NaN
1855,272057202,NaN,NaN,NaN,NaN,2.0482017993927,8.59180068969727,4.49835586547852,0.274440109729767,-1.65604686737061,0.233203634619713,0.137451171875,-0.9853515625,-0.577880859375,0,NaN
1856,272073869,NaN,NaN,NaN,NaN,2.0552339553833,8.52254486083984,4.45435285568237,0.658617675304413,-1.86498236656189,0.19007183611393,0.138671875,-0.987060546875,-0.57666015625,0,NaN
1857,272090536,NaN,NaN,NaN,NaN,2.02424335479736,8.56395721435547,4.50707721710205,1.73039388656616,-1.56257319450378,-0.0634618699550629,0.137939453125,-0.986328125,-0.57568359375,0,NaN
1858,272107203,NaN,NaN,NaN,NaN,2.00065970420837,8.53669548034668,4.52101945877075,1.2959897518158,-1.73640668392181,0.00868270453065634,0.137451171875,-0.986328125,-0.578369140625,0,NaN
1859,272123870,NaN,NaN,NaN,NaN,2.00285220146179,8.51271820068359,4.55994176864624,1.18758416175842,-1.92390441894531,0.416334450244904,0.136474609375,-0.98583984375,-0.577880859375,0,NaN
1860,272140537,NaN,NaN,NaN,NaN,2.01132369041443,8.56376075744629,4.5670919418335,0.265475660562515,-1.72977292537689,0.463922888040543,0.13623046875,-0.988037109375,-0.576171875,0,NaN
1861,272157204,NaN,NaN,NaN,NaN,2.02926564216614,8.57398414611816,4.55090141296387,0.117152497172356,-1.54522061347961,0.521577060222626,0.13427734375,-0.987548828125,-0.578369140625,0,NaN
1862,272173871,NaN,NaN,NaN,NaN,2.05038857460022,8.60294723510742,4.512038230896,0.34867849946022,-1.1663703918457,0.54645973443985,0.137939453125,-0.984130859375,-0.5751953125,0,NaN
1863,272190538,NaN,NaN,NaN,NaN,2.0249330997467,8.56015491485596,4.52097463607788,0.196206077933311,-0.898538291454315,0.614935278892517,0.13818359375,-0.98583984375,-0.577880859375,0,NaN
1864,272207205,NaN,NaN,NaN,NaN,2.03209161758423,8.5630989074707,4.5358190536499,0.0509180501103401,-1.17902302742004,0.643467843532562,0.134765625,-0.984619140625,-0.57666015625,0,NaN
1865,272223872,NaN,NaN,NaN,NaN,2.07028865814209,8.55645751953125,4.54279804229736,0.213878870010376,-1.11756539344788,0.556269466876984,0.134033203125,-0.988037109375,-0.57666015625,0,NaN
1866,272240539,NaN,NaN,NaN,NaN,2.04531407356262,8.58339309692383,4.50026798248291,-0.209953725337982,-1.33700215816498,0.738734245300293,0.1357421875,-0.984619140625,-0.577880859375,0,NaN
1867,272257206,NaN,NaN,NaN,NaN,2.05302047729492,8.58333587646484,4.46531867980957,-0.329014331102371,-1.46261954307556,0.657926142215729,0.136962890625,-0.984130859375,-0.577880859375,0,NaN
1868,272273873,NaN,NaN,NaN,NaN,2.088214635849,8.55658531188965,4.50189924240112,0.903846621513367,-1.43398475646973,0.568140923976898,0.134765625,-0.980712890625,-0.5791015625,0,NaN
1869,272290540,NaN,NaN,NaN,NaN,2.07586002349854,8.58195495605469,4.54926204681396,1.45599246025085,-1.52003049850464,0.430459856987,0.13525390625,-0.984130859375,-0.5751953125,0,NaN
1870,272307207,NaN,NaN,NaN,NaN,2.06503057479858,8.6351490020752,4.53939580917358,0.557293951511383,-1.90519416332245,0.638242840766907,0.136474609375,-0.984130859375,-0.5791015625,0,NaN
1871,272323874,NaN,NaN,NaN,NaN,2.06180930137634,8.64110851287842,4.50371837615967,0.192978873848915,-2.21478772163391,0.811384618282318,0.133544921875,-0.986328125,-0.577880859375,0,NaN
1872,272340541,NaN,NaN,NaN,NaN,2.05931234359741,8.60385131835938,4.47493028640747,1.13297784328461,-1.96487188339233,0.686189830303192,0.13525390625,-0.984130859375,-0.57666015625,0,NaN
1873,272357208,NaN,NaN,NaN,NaN,2.06289052963257,8.64747619628906,4.49981069564819,1.57460463047028,-1.85477566719055,0.375802338123322,0.13525390625,-0.984619140625,-0.578369140625,0,NaN
1874,272373875,NaN,NaN,NaN,NaN,2.07168984413147,8.69659614562988,4.4834942817688,0.33014765381813,-1.94032204151154,-0.138609528541565,0.133056640625,-0.982421875,-0.576171875,0,NaN
1875,272390542,NaN,NaN,NaN,NaN,2.09098601341248,8.67196655273438,4.47516012191772,-0.28128507733345,-2.47580647468567,-0.752200126647949,0.134765625,-0.983642578125,-0.5791015625,0,NaN
1876,272407209,NaN,NaN,NaN,NaN,2.07762098312378,8.67176914215088,4.44606447219849,-0.140735372900963,-2.50509476661682,-0.95530891418457,0.135986328125,-0.980712890625,-0.580078125,0,NaN
1877,272423876,NaN,NaN,NaN,NaN,2.05830192565918,8.66711616516113,4.49943780899048,-0.190065428614616,-2.7712619304657,-0.701973617076874,0.133056640625,-0.98583984375,-0.5791015625,0,NaN
1878,272440543,NaN,NaN,NaN,NaN,2.05137515068054,8.63161468505859,4.5324182510376,-0.445654600858688,-3.44138026237488,-0.89423543214798,0.13134765625,-0.98291015625,-0.57958984375,0,NaN
1879,272457210,NaN,NaN,NaN,NaN,2.05210566520691,8.58513927459717,4.52029514312744,-0.618437826633453,-3.96431446075439,-1.18401741981506,0.130859375,-0.982421875,-0.578369140625,0,NaN
1880,272473877,NaN,NaN,NaN,NaN,2.04192805290222,8.55536842346191,4.5597939491272,0.627126932144165,-4.09356880187988,-1.09719049930573,0.132568359375,-0.98193359375,-0.576171875,0,NaN
1881,272490544,NaN,NaN,NaN,NaN,1.95349979400635,8.59480571746826,4.61192750930786,0.314203798770905,-4.16456747055054,-1.44484460353851,0.132080078125,-0.983642578125,-0.577880859375,0,NaN
1882,272507211,NaN,NaN,NaN,NaN,1.96885120868683,8.51076507568359,4.56858682632446,0.442292988300323,-4.80099201202393,-1.74460279941559,0.132568359375,-0.979736328125,-0.5830078125,0,NaN
1883,272523878,NaN,NaN,NaN,NaN,1.95408284664154,8.46945667266846,4.54052686691284,1.21322226524353,-5.08515167236328,-1.9379016160965,0.1298828125,-0.98291015625,-0.580810546875,0,NaN
1884,272540545,NaN,NaN,NaN,NaN,1.96304023265839,8.45040798187256,4.56110382080078,2.66332364082336,-5.23871278762817,-1.94512438774109,0.129638671875,-0.981201171875,-0.577880859375,0,NaN
1885,272557212,NaN,NaN,NaN,NaN,1.97563338279724,8.47863388061523,4.59499025344849,2.88297867774963,-5.73647117614746,-1.91546535491943,0.132080078125,-0.98291015625,-0.578369140625,0,NaN
1886,272573879,NaN,NaN,NaN,NaN,2.01392149925232,8.48783206939697,4.57583808898926,2.16377401351929,-5.44530582427979,-2.21071577072144,0.128173828125,-0.980712890625,-0.577880859375,0,NaN
1887,272590546,NaN,NaN,NaN,NaN,2.05354046821594,8.49395370483398,4.53105735778809,1.49971342086792,-4.5447883605957,-2.15943908691406,0.128662109375,-0.982421875,-0.577392578125,0,NaN
1888,272607213,NaN,NaN,NaN,NaN,2.07909989356995,8.50542545318604,4.47007322311401,1.307976603508,-3.92131114006042,-1.86747980117798,0.129150390625,-0.984130859375,-0.577392578125,0,NaN
1889,272623880,NaN,NaN,NaN,NaN,2.09356665611267,8.55284214019775,4.49857044219971,0.925015509128571,-3.17773580551147,-1.47155845165253,0.12646484375,-0.981689453125,-0.577392578125,0,NaN
1890,272640547,NaN,NaN,NaN,NaN,2.110023021698,8.59712219238281,4.52317523956299,0.136182710528374,-2.65056204795837,-0.848503947257996,0.127685546875,-0.984130859375,-0.581298828125,0,NaN
1891,272657214,NaN,NaN,NaN,NaN,2.1226978302002,8.58959579467773,4.53679800033569,-1.06952881813049,-2.64117527008057,-0.373273104429245,0.124267578125,-0.98291015625,-0.580810546875,0,NaN
1892,272673881,NaN,NaN,NaN,NaN,2.11011576652527,8.58757877349854,4.46837997436523,-2.72417283058167,-3.16706776618958,-0.377972990274429,0.126953125,-0.981201171875,-0.578369140625,0,NaN
1893,272690548,NaN,NaN,NaN,NaN,2.11750721931458,8.60605239868164,4.37365674972534,-1.04674649238586,-3.80123901367188,-0.521340131759644,0.12646484375,-0.980712890625,-0.581298828125,0,NaN
1894,272707215,NaN,NaN,NaN,NaN,2.1219789981842,8.63118076324463,4.35394477844238,1.03001487255096,-3.64669179916382,-0.925226926803589,0.1259765625,-0.97998046875,-0.577880859375,0,NaN
1895,272723882,NaN,NaN,NaN,NaN,2.05608725547791,8.65646743774414,4.39755296707153,0.928191363811493,-4.50575399398804,-1.52309107780457,0.12255859375,-0.97900390625,-0.580810546875,0,NaN
1896,272740549,NaN,NaN,NaN,NaN,2.05723834037781,8.70401191711426,4.41903877258301,0.158606633543968,-5.84703969955444,-1.94769847393036,0.123779296875,-0.9794921875,-0.580078125,0,NaN
1897,272757216,NaN,NaN,NaN,NaN,2.53080320358276,8.82411766052246,4.31494569778442,-1.22528004646301,-7.6574764251709,-7.67207670211792,0.1259765625,-0.980712890625,-0.585693359375,0,NaN
1898,272773883,NaN,NaN,NaN,NaN,1.53177034854889,8.50306034088135,4.58603048324585,5.69490909576416,-6.55314588546753,-4.9344482421875,0.124267578125,-0.981201171875,-0.580078125,0,NaN
1899,272790550,NaN,NaN,NaN,NaN,2.27530670166016,8.95061111450195,4.14051818847656,-0.255557239055634,-8.82557106018066,-7.46006774902344,0.123046875,-0.980712890625,-0.5791015625,0,NaN
1900,272807217,NaN,NaN,NaN,NaN,2.11269330978394,8.83921241760254,4.47102212905884,2.21907305717468,-9.96837329864502,-8.79139232635498,0.120361328125,-0.97998046875,-0.5791015625,0,NaN
1901,272823884,NaN,NaN,NaN,NaN,2.07470774650574,8.74423122406006,4.34169626235962,-0.21478183567524,-10.3013906478882,-10.6217021942139,0.120849609375,-0.978271484375,-0.58251953125,0,NaN
1902,272840551,NaN,NaN,NaN,NaN,2.05535316467285,8.73368835449219,4.34291982650757,2.21009659767151,-11.368522644043,-12.3895616531372,0.119873046875,-0.98291015625,-0.581787109375,0,NaN
1903,272857218,NaN,NaN,NaN,NaN,1.97022521495819,8.72338676452637,4.34250688552856,2.38646626472473,-13.1086025238037,-13.6351613998413,0.120849609375,-0.98046875,-0.577392578125,0,NaN
1904,272873885,NaN,NaN,NaN,NaN,2.03214955329895,8.87794399261475,4.40813493728638,1.22911691665649,-14.4683351516724,-13.9806823730469,0.1181640625,-0.981201171875,-0.580078125,0,NaN
1905,272890552,NaN,NaN,NaN,NaN,2.0852415561676,8.87962055206299,4.31378793716431,-1.04886078834534,-14.938494682312,-14.6346130371094,0.119140625,-0.981689453125,-0.581298828125,0,NaN
1906,272907219,NaN,NaN,NaN,NaN,2.01868295669556,8.78898143768311,4.30248498916626,-1.38940787315369,-15.0215702056885,-15.6094484329224,0.11865234375,-0.97998046875,-0.580078125,0,NaN
1907,272923886,NaN,NaN,NaN,NaN,1.9922206401825,8.72519874572754,4.33028316497803,0.470775127410889,-15.7351474761963,-16.6165828704834,0.115966796875,-0.97998046875,-0.580810546875,0,NaN
1908,272940553,NaN,NaN,NaN,NaN,2.02080845832825,8.84866523742676,4.42219543457031,1.42966532707214,-15.779932975769,-18.4287757873535,0.11474609375,-0.97998046875,-0.58251953125,0,NaN
1909,272957220,NaN,NaN,NaN,NaN,2.02180981636047,8.93688488006592,4.35421514511108,-0.544533610343933,-16.250072479248,-20.5982608795166,0.115478515625,-0.978271484375,-0.58349609375,0,NaN
1910,272973887,NaN,NaN,NaN,NaN,1.97093284130096,8.91027069091797,4.33813285827637,-0.849389612674713,-16.7980861663818,-22.0368041992188,0.11376953125,-0.98095703125,-0.58251953125,0,NaN
1911,272990554,NaN,NaN,NaN,NaN,1.87427818775177,8.89122581481934,4.38218879699707,0.349191784858704,-17.6616668701172,-23.2217655181885,0.116455078125,-0.978271484375,-0.58251953125,0,NaN
1912,273007221,NaN,NaN,NaN,NaN,1.813849568367,8.8701171875,4.38108682632446,1.11492431163788,-18.7576427459717,-24.0093383789062,0.115966796875,-0.97998046875,-0.581298828125,0,NaN
1913,273023888,NaN,NaN,NaN,NaN,1.77390921115875,8.82216739654541,4.38990783691406,0.519196808338165,-20.4674777984619,-23.930736541748,0.1142578125,-0.97705078125,-0.57958984375,0,NaN
1914,273040555,NaN,NaN,NaN,NaN,1.7097362279892,8.80745220184326,4.3230504989624,-0.291492760181427,-21.7554225921631,-23.7976188659668,0.114990234375,-0.977783203125,-0.584228515625,0,NaN
1915,273057222,NaN,NaN,NaN,NaN,1.64545524120331,8.72437953948975,4.19401359558105,1.36006498336792,-22.7049541473389,-22.9861698150635,0.1142578125,-0.97705078125,-0.581787109375,0,NaN
1916,273073889,NaN,NaN,NaN,NaN,1.62351512908936,8.67229843139648,4.14600658416748,4.55574703216553,-23.6614761352539,-21.3851661682129,0.11376953125,-0.9794921875,-0.581298828125,0,NaN
1917,273090556,NaN,NaN,NaN,NaN,1.63409280776978,8.65259456634521,4.17826890945435,6.12018918991089,-24.0512104034424,-20.0934219360352,0.10986328125,-0.97998046875,-0.58251953125,0,NaN
1918,273107223,NaN,NaN,NaN,NaN,1.60423755645752,8.582932472229,4.26591110229492,7.18675756454468,-24.6508331298828,-18.825984954834,0.107666015625,-0.98046875,-0.581787109375,0,NaN
1919,273123890,NaN,NaN,NaN,NaN,1.58251404762268,8.70427417755127,4.32905292510986,4.36886310577393,-26.1760864257812,-17.9178066253662,0.103759765625,-0.983154296875,-0.580322265625,0,NaN
1920,273140557,NaN,NaN,NaN,NaN,1.63638699054718,8.75198936462402,4.19972562789917,0.730400085449219,-27.1122779846191,-17.8713607788086,0.100830078125,-0.983642578125,-0.580810546875,0,NaN
1921,273157224,NaN,NaN,NaN,NaN,1.69029939174652,8.71277332305908,4.09178876876831,0.504444003105164,-27.4469184875488,-17.7114067077637,0.09814453125,-0.9814453125,-0.57958984375,0,NaN
1922,273173891,NaN,NaN,NaN,NaN,1.70846486091614,8.64632415771484,3.99151086807251,1.75656402111053,-27.7932319641113,-18.7954082489014,0.092529296875,-0.981201171875,-0.57958984375,0,NaN
1923,273190558,NaN,NaN,NaN,NaN,1.66538238525391,8.67225933074951,3.94202208518982,3.09547519683838,-28.8172645568848,-20.888692855835,0.08984375,-0.98291015625,-0.580810546875,0,NaN
1924,273207225,NaN,NaN,NaN,NaN,1.58978235721588,8.77414035797119,3.97153425216675,5.4709529876709,-31.2161750793457,-22.323616027832,0.08740234375,-0.985595703125,-0.577392578125,0,NaN
1925,273223892,NaN,NaN,NaN,NaN,1.58502924442291,8.97707080841064,3.89666295051575,5.48501825332642,-34.0580253601074,-23.4473972320557,0.08251953125,-0.986083984375,-0.57958984375,0,NaN
1926,273240559,NaN,NaN,NaN,NaN,1.5553183555603,8.98456382751465,3.74644374847412,5.36505317687988,-37.1891288757324,-23.9143810272217,0.077392578125,-0.98779296875,-0.578125,0,NaN
1927,273257226,NaN,NaN,NaN,NaN,1.59485745429993,8.93736267089844,3.75437688827515,6.44994258880615,-40.4761619567871,-23.7511291503906,0.072998046875,-0.987548828125,-0.576416015625,0,NaN
1928,273273893,NaN,NaN,NaN,NaN,1.62293493747711,9.06258583068848,3.83721566200256,4.22145843505859,-44.1591644287109,-23.9587745666504,0.069091796875,-0.9892578125,-0.576416015625,0,NaN
1929,273290560,NaN,NaN,NaN,NaN,1.51721823215485,9.17202568054199,3.72201943397522,-0.205255880951881,-48.1642646789551,-24.9174633026123,0.062255859375,-0.988037109375,-0.572509765625,0,NaN
1930,273307227,NaN,NaN,NaN,NaN,1.48615717887878,9.10616588592529,3.53647875785828,0.468974024057388,-51.669075012207,-25.3171634674072,0.052490234375,-0.988525390625,-0.575927734375,0,NaN
1931,273323894,NaN,NaN,NaN,NaN,1.46409785747528,9.09663677215576,3.5133969783783,3.49658799171448,-54.4274749755859,-25.3874454498291,0.045654296875,-0.99169921875,-0.57470703125,0,NaN
1932,273340561,NaN,NaN,NaN,NaN,1.37246191501617,9.06640338897705,3.45120358467102,6.12838697433472,-57.5876541137695,-25.9994411468506,0.033447265625,-0.991943359375,-0.5712890625,0,NaN
1933,273357228,NaN,NaN,NaN,NaN,1.41121387481689,9.06446266174316,3.43060994148254,9.97419357299805,-61.0853614807129,-27.0830783843994,0.022216796875,-0.994140625,-0.5712890625,0,NaN
1934,273373895,NaN,NaN,NaN,NaN,1.51453638076782,9.17968559265137,3.64936184883118,11.6402540206909,-63.6603546142578,-27.9918193817139,0.01318359375,-0.9990234375,-0.56640625,0,NaN
1935,273390562,NaN,NaN,NaN,NaN,1.51331400871277,9.36760330200195,3.82174253463745,3.14879441261292,-66.429817199707,-28.8335132598877,0.00537109375,-1.00048828125,-0.565185546875,0,NaN
1936,273407229,NaN,NaN,NaN,NaN,1.5375109910965,9.2527961730957,3.71762037277222,-6.15581083297729,-69.4010620117188,-30.4583759307861,-0.00732421875,-0.999267578125,-0.561279296875,0,NaN
1937,273423896,NaN,NaN,NaN,NaN,1.56311225891113,9.11385154724121,3.61575603485107,-7.36302185058594,-70.892463684082,-32.2626571655273,-0.016845703125,-0.997802734375,-0.5634765625,0,NaN
1938,273440563,NaN,NaN,NaN,NaN,1.60231590270996,9.06976509094238,3.58245491981506,-5.14922094345093,-71.4282455444336,-34.2189750671387,-0.028564453125,-1,-0.55859375,0,NaN
1939,273457230,NaN,NaN,NaN,NaN,1.52169501781464,9.0068302154541,3.59918093681335,-1.51936030387878,-71.4255218505859,-35.7151184082031,-0.0419921875,-0.999267578125,-0.559814453125,0,NaN
1940,273473897,NaN,NaN,NaN,NaN,1.48538684844971,8.99694633483887,3.6893572807312,2.74988079071045,-71.8348617553711,-35.985912322998,-0.05078125,-1.000244140625,-0.556396484375,0,NaN
1941,273490564,NaN,NaN,NaN,NaN,1.56072533130646,9.0945987701416,3.91364645957947,3.83939456939697,-72.6135482788086,-35.7312316894531,-0.063720703125,-1,-0.55517578125,0,NaN
1942,273507231,NaN,NaN,NaN,NaN,1.62687993049622,9.28418445587158,3.99327611923218,-2.99110245704651,-73.1704483032227,-36.1288261413574,-0.071533203125,-1.00146484375,-0.549072265625,0,NaN
1943,273523898,NaN,NaN,NaN,NaN,1.41600596904755,9.31413078308105,3.7811644077301,-9.47111988067627,-73.4240417480469,-36.6822853088379,-0.08447265625,-1.00341796875,-0.548583984375,0,NaN
1944,273540565,NaN,NaN,NaN,NaN,1.31435310840607,9.16088390350342,3.59463715553284,-6.34704685211182,-72.9938888549805,-36.2154579162598,-0.09228515625,-1.002197265625,-0.546875,0,NaN
1945,273557232,NaN,NaN,NaN,NaN,1.28968441486359,9.13230133056641,3.66467833518982,1.41147112846375,-72.1124877929688,-35.5189056396484,-0.1044921875,-1.003173828125,-0.5419921875,0,NaN
1946,273573899,NaN,NaN,NaN,NaN,1.30140268802643,9.24032878875732,3.78788018226624,4.9324107170105,-70.6883239746094,-35.7863998413086,-0.11474609375,-1.0068359375,-0.53564453125,0,NaN
1947,273590566,NaN,NaN,NaN,NaN,1.33124244213104,9.33489799499512,3.91793203353882,3.39836692810059,-70.1533126831055,-35.6434936523438,-0.12353515625,-1.01123046875,-0.53515625,0,NaN
1948,273607233,NaN,NaN,NaN,NaN,1.37124216556549,9.34897422790527,4.042236328125,-1.70578491687775,-69.6577911376953,-35.1465873718262,-0.1337890625,-1.01318359375,-0.528564453125,0,NaN
1949,273623900,NaN,NaN,NaN,NaN,1.1969473361969,9.37302398681641,3.89505338668823,-5.8797082901001,-69.6574172973633,-35.7309722900391,-0.142578125,-1.0146484375,-0.52685546875,0,NaN
1950,273640567,NaN,NaN,NaN,NaN,1.10984897613525,9.32153129577637,3.70765447616577,-3.2719841003418,-68.5360717773438,-37.368766784668,-0.151123046875,-1.014404296875,-0.52294921875,0,NaN
1951,273657234,NaN,NaN,NaN,NaN,1.14231634140015,9.35233497619629,3.86398863792419,-0.861904740333557,-66.9548797607422,-38.9580001831055,-0.16015625,-1.0166015625,-0.51904296875,0,NaN
1952,273673901,NaN,NaN,NaN,NaN,1.06695914268494,9.36770248413086,4.02693033218384,-2.68737411499023,-66.3008346557617,-41.1135101318359,-0.1689453125,-1.020263671875,-0.51513671875,0,NaN
1953,273690568,NaN,NaN,NaN,NaN,1.08160006999969,9.40610980987549,4.03652381896973,-5.41733646392822,-64.4983978271484,-43.613109588623,-0.172607421875,-1.020263671875,-0.509521484375,0,NaN
1954,273707235,NaN,NaN,NaN,NaN,1.03794085979462,9.53906059265137,3.980637550354,-7.28351306915283,-62.7433395385742,-44.1782608032227,-0.1787109375,-1.025146484375,-0.509521484375,0,NaN
1955,273723902,NaN,NaN,NaN,NaN,0.986672639846802,9.52860450744629,3.89234256744385,-8.47988033294678,-61.6783103942871,-44.5754699707031,-0.185302734375,-1.02490234375,-0.505615234375,0,NaN
1956,273740569,NaN,NaN,NaN,NaN,0.935803115367889,9.42816543579102,3.74641966819763,-9.40898895263672,-60.8114891052246,-45.9005813598633,-0.19091796875,-1.027099609375,-0.50341796875,0,NaN
1957,273757236,NaN,NaN,NaN,NaN,0.873091876506805,9.16968631744385,3.65061974525452,-7.66654920578003,-60.9774894714355,-47.4272537231445,-0.195556640625,-1.031005859375,-0.5,0,NaN
1958,273773903,NaN,NaN,NaN,NaN,0.891567289829254,9.18625831604004,3.75591826438904,-2.64114141464233,-60.7836151123047,-47.944766998291,-0.201171875,-1.0302734375,-0.4970703125,0,NaN
1959,273790570,NaN,NaN,NaN,NaN,0.95829176902771,9.41608715057373,3.91446542739868,-4.98101043701172,-59.2699432373047,-47.5651206970215,-0.205810546875,-1.033935546875,-0.4921875,0,NaN
1960,273807237,NaN,NaN,NaN,NaN,1.06061410903931,9.44275283813477,3.91287136077881,-13.2620258331299,-58.1342277526855,-45.6526527404785,-0.205810546875,-1.03466796875,-0.48974609375,0,NaN
1961,273823904,NaN,NaN,NaN,NaN,1.01479876041412,9.31970405578613,3.73053121566772,-20.3061790466309,-57.6471939086914,-44.8876571655273,-0.212890625,-1.03662109375,-0.48876953125,0,NaN
1962,273840571,NaN,NaN,NaN,NaN,0.89118355512619,9.09094047546387,3.58244061470032,-21.4875030517578,-56.9404029846191,-45.6238555908203,-0.214599609375,-1.034423828125,-0.490966796875,0,NaN
1963,273857238,NaN,NaN,NaN,NaN,0.819387078285217,8.88455390930176,3.54934906959534,-16.2649536132812,-55.971378326416,-47.0384483337402,-0.217529296875,-1.035400390625,-0.487548828125,0,NaN
1964,273873905,NaN,NaN,NaN,NaN,0.731908917427063,8.91588878631592,3.53142714500427,-10.5345048904419,-55.133544921875,-47.398021697998,-0.220947265625,-1.03662109375,-0.486572265625,0,NaN
1965,273890572,NaN,NaN,NaN,NaN,0.700176060199738,9.02200031280518,3.65729761123657,-10.8860969543457,-55.3810501098633,-46.7679748535156,-0.225341796875,-1.03759765625,-0.484375,0,NaN
1966,273907239,NaN,NaN,NaN,NaN,0.73946750164032,9.043044090271,3.65697813034058,-13.9000272750854,-55.6568336486816,-46.1051063537598,-0.224365234375,-1.03759765625,-0.4814453125,0,NaN
1967,273923906,NaN,NaN,NaN,NaN,0.752674520015717,8.95330047607422,3.64343476295471,-16.0170421600342,-55.9846725463867,-44.2395172119141,-0.232177734375,-1.040283203125,-0.479248046875,0,NaN
1968,273940573,NaN,NaN,NaN,NaN,0.697939515113831,8.8004732131958,3.60744190216064,-15.5427465438843,-56.5409469604492,-42.5321922302246,-0.233154296875,-1.03955078125,-0.478759765625,0,NaN
1969,273957240,NaN,NaN,NaN,NaN,0.619853436946869,8.80550098419189,3.47619819641113,-11.4821939468384,-57.2552032470703,-40.8380241394043,-0.23828125,-1.041748046875,-0.47802734375,0,NaN
1970,273973907,NaN,NaN,NaN,NaN,0.666706562042236,8.81223487854004,3.44332909584045,-6.15507507324219,-57.6763572692871,-39.0606231689453,-0.243408203125,-1.042724609375,-0.47412109375,0,NaN
1971,273990574,NaN,NaN,NaN,NaN,0.646081030368805,8.85401058197021,3.57382726669312,-4.73545026779175,-57.6316413879395,-36.813777923584,-0.2490234375,-1.044921875,-0.4697265625,0,NaN
1972,274007241,NaN,NaN,NaN,NaN,0.615513026714325,8.89784812927246,3.60273265838623,-4.7514853477478,-59.5962982177734,-34.3864517211914,-0.25341796875,-1.04638671875,-0.467041015625,0,NaN
1973,274023908,NaN,NaN,NaN,NaN,0.680093348026276,8.88277721405029,3.61815857887268,-3.82583665847778,-58.2091331481934,-33.1912651062012,-0.261962890625,-1.052001953125,-0.464111328125,0,NaN
1974,274040575,NaN,NaN,NaN,NaN,0.630854249000549,8.81857967376709,3.73397994041443,-4.1205267906189,-58.1166305541992,-32.7028388977051,-0.265380859375,-1.053466796875,-0.4580078125,0,NaN
1975,274057242,NaN,NaN,NaN,NaN,0.551251471042633,8.85519790649414,3.80677628517151,-5.9265604019165,-58.6178436279297,-33.1539001464844,-0.272705078125,-1.052734375,-0.45751953125,0,NaN
1976,274073909,NaN,NaN,NaN,NaN,0.479789227247238,8.84003448486328,3.7956395149231,-4.12881517410278,-59.4294090270996,-33.2930793762207,-0.279541015625,-1.05712890625,-0.4501953125,0,NaN
1977,274090576,NaN,NaN,NaN,NaN,0.404163658618927,8.99444961547852,3.80407190322876,-1.441122174263,-59.2795257568359,-33.0833129882812,-0.283447265625,-1.059814453125,-0.445556640625,0,NaN
1978,274107243,NaN,NaN,NaN,NaN,0.389521181583405,9.06733703613281,3.8112359046936,-0.885297894477844,-58.8184967041016,-33.0729064941406,-0.290771484375,-1.06298828125,-0.4423828125,0,NaN
1979,274123910,NaN,NaN,NaN,NaN,0.389924883842468,8.95050144195557,3.93023061752319,0.190804958343506,-59.3628959655762,-33.8123207092285,-0.298583984375,-1.066650390625,-0.43603515625,0,NaN
1980,274140577,NaN,NaN,NaN,NaN,0.243373543024063,8.95845508575439,4.06527996063232,-0.39133682847023,-60.7839317321777,-35.2197723388672,-0.300537109375,-1.07177734375,-0.429443359375,0,NaN
1981,274157244,NaN,NaN,NaN,NaN,0.15471625328064,9.12294006347656,4.09096813201904,-0.817617058753967,-62.3891563415527,-35.7555618286133,-0.308349609375,-1.074951171875,-0.425537109375,0,NaN
1982,274173911,NaN,NaN,NaN,NaN,0.125468626618385,9.16354084014893,4.13497114181519,0.147768840193748,-63.4762763977051,-36.1309776306152,-0.31689453125,-1.0791015625,-0.417724609375,0,NaN
1983,274190578,NaN,NaN,NaN,NaN,0.0824465081095695,9.19112968444824,4.20364332199097,-1.24037718772888,-65.2411804199219,-36.9472198486328,-0.31982421875,-1.081298828125,-0.4130859375,0,NaN
1984,274207245,NaN,NaN,NaN,NaN,0.092901200056076,9.16190719604492,4.27871131896973,-4.15241289138794,-67.5726776123047,-38.5956649780273,-0.325927734375,-1.086181640625,-0.407470703125,0,NaN
1985,274223912,NaN,NaN,NaN,NaN,0.0658665969967842,9.11563968658447,4.33227777481079,-5.94616794586182,-68.9648056030273,-40.6109657287598,-0.332763671875,-1.091064453125,-0.399658203125,0,NaN
1986,274240579,NaN,NaN,NaN,NaN,-0.0780550390481949,9.14687061309814,4.3124532699585,-6.0123348236084,-70.1799697875977,-42.959156036377,-0.338623046875,-1.09375,-0.394775390625,0,NaN
1987,274257246,NaN,NaN,NaN,NaN,-0.00406039878726006,9.20844268798828,4.29191255569458,-2.67312836647034,-71.2570877075195,-43.7582626342773,-0.34423828125,-1.100341796875,-0.390625,0,NaN
1988,274273913,NaN,NaN,NaN,NaN,0.0805960521101952,9.22096729278564,4.4129467010498,-1.61401879787445,-72.0587539672852,-44.0567779541016,-0.35009765625,-1.107421875,-0.380126953125,0,NaN
1989,274290580,NaN,NaN,NaN,NaN,0.0621491223573685,9.23592472076416,4.45680141448975,-3.51022744178772,-73.2248611450195,-43.9559478759766,-0.357421875,-1.110595703125,-0.375,0,NaN
1990,274307247,NaN,NaN,NaN,NaN,0.0181727837771177,9.21464252471924,4.47642612457275,-3.79870676994324,-74.0633316040039,-44.3337135314941,-0.36083984375,-1.115966796875,-0.36669921875,0,NaN
1991,274323914,NaN,NaN,NaN,NaN,-0.0378424972295761,9.05674934387207,4.45387840270996,-1.79813671112061,-74.590576171875,-45.0995330810547,-0.36669921875,-1.12158203125,-0.3603515625,0,NaN
1992,274340581,NaN,NaN,NaN,NaN,-0.0762969329953194,9.00528049468994,4.41633224487305,1.94838106632233,-76.2202682495117,-46.7563934326172,-0.372314453125,-1.129150390625,-0.349853515625,0,NaN
1993,274357248,NaN,NaN,NaN,NaN,-0.152757346630096,9.03290462493896,4.52303028106689,3.00181460380554,-78.1602783203125,-48.434871673584,-0.3759765625,-1.138916015625,-0.34033203125,0,NaN
1994,274373915,NaN,NaN,NaN,NaN,-0.168652057647705,9.02658939361572,4.60733032226562,1.73397707939148,-80.6304092407227,-49.8288688659668,-0.381103515625,-1.147216796875,-0.331298828125,0,NaN
1995,274390582,NaN,NaN,NaN,NaN,-0.180601745843887,9.04549217224121,4.64335441589355,-0.441936284303665,-83.0479965209961,-50.9375,-0.3876953125,-1.15380859375,-0.31884765625,0,NaN
1996,274407249,NaN,NaN,NaN,NaN,-0.0906915068626404,9.09937381744385,4.70168304443359,-5.27837133407593,-84.3177261352539,-52.1071090698242,-0.388916015625,-1.162109375,-0.31103515625,0,NaN
1997,274423916,NaN,NaN,NaN,NaN,-0.0232987254858017,8.95373821258545,4.69326400756836,-9.99228000640869,-85.0815811157227,-52.6061325073242,-0.39306640625,-1.166259765625,-0.302734375,0,NaN
1998,274440583,NaN,NaN,NaN,NaN,0.0919524729251862,9.38156700134277,4.72873497009277,4.91653919219971,-92.3197784423828,-39.7995147705078,-0.397216796875,-1.174072265625,-0.290771484375,0,NaN
1999,274457250,NaN,NaN,NaN,NaN,0.112771824002266,8.13794040679932,4.66544628143311,-12.0590200424194,-87.3971176147461,-50.6499633789062,-0.40576171875,-1.181640625,-0.279052734375,0,NaN
2000,274473917,NaN,NaN,NaN,NaN,-0.152736037969589,8.72683811187744,4.73259353637695,-8.0731954574585,-87.0699996948242,-50.5742301940918,-0.40771484375,-1.18994140625,-0.27001953125,0,NaN
2001,274490584,NaN,NaN,NaN,NaN,-0.0361302234232426,8.62497234344482,4.58413934707642,-0.268821120262146,-86.9138793945312,-48.9952850341797,-0.411376953125,-1.197021484375,-0.256103515625,0,NaN
2002,274507251,NaN,NaN,NaN,NaN,-0.0980396270751953,8.48112201690674,4.7983136177063,5.69101524353027,-86.2439498901367,-47.0921859741211,-0.414306640625,-1.2041015625,-0.241455078125,0,NaN
2003,274523918,NaN,NaN,NaN,NaN,0.00127726793289185,8.56290435791016,4.87628698348999,11.5719270706177,-85.4310607910156,-44.6707992553711,-0.41845703125,-1.2138671875,-0.229736328125,0,NaN
2004,274540585,NaN,NaN,NaN,NaN,0.0309268683195114,8.62790298461914,4.8671669960022,14.4484920501709,-84.1672592163086,-42.6276473999023,-0.421142578125,-1.22607421875,-0.212890625,0,NaN
2005,274557252,NaN,NaN,NaN,NaN,0.099354550242424,8.72125625610352,4.80642127990723,13.8780584335327,-83.8440017700195,-41.5251312255859,-0.42333984375,-1.237060546875,-0.1943359375,0,NaN
2006,274573919,NaN,NaN,NaN,NaN,0.01548982411623,8.49651908874512,4.83952713012695,13.0692663192749,-83.0595626831055,-41.3070487976074,-0.42626953125,-1.2451171875,-0.18017578125,0,NaN
2007,274590586,NaN,NaN,NaN,NaN,0.170437276363373,8.35158824920654,4.92528581619263,14.4434375762939,-82.2378997802734,-41.6532897949219,-0.429443359375,-1.25732421875,-0.1650390625,0,NaN
2008,274607253,NaN,NaN,NaN,NaN,0.311455696821213,8.36620998382568,4.9162917137146,13.193320274353,-80.5958404541016,-41.7763442993164,-0.42919921875,-1.264892578125,-0.151123046875,0,NaN
2009,274623920,NaN,NaN,NaN,NaN,0.38430181145668,8.48543071746826,4.89294004440308,7.25652885437012,-78.6040802001953,-40.7324829101562,-0.43017578125,-1.273681640625,-0.1337890625,0,NaN
2010,274640587,NaN,NaN,NaN,NaN,0.281751185655594,8.55231857299805,4.8705267906189,-1.27470052242279,-76.2541885375977,-40.0803642272949,-0.42822265625,-1.28076171875,-0.11962890625,0,NaN
2011,274657254,NaN,NaN,NaN,NaN,0.186593234539032,8.31680393218994,4.84228467941284,-3.15603590011597,-73.3486022949219,-39.3971748352051,-0.42578125,-1.286865234375,-0.109619140625,0,NaN
2012,274673921,NaN,NaN,NaN,NaN,0.0490885116159916,8.07047462463379,4.8540506362915,4.50273084640503,-70.7956466674805,-37.819019317627,-0.426025390625,-1.291259765625,-0.0966796875,0,NaN
2013,274690588,NaN,NaN,NaN,NaN,0.107496596872807,8.30048561096191,4.91650295257568,11.1140155792236,-67.4583129882812,-36.5707931518555,-0.421875,-1.3017578125,-0.084228515625,0,NaN
2014,274707255,NaN,NaN,NaN,NaN,0.104037329554558,8.4805793762207,4.92452335357666,8.45683002471924,-64.7336273193359,-35.6180191040039,-0.42041015625,-1.307861328125,-0.06787109375,0,NaN
2015,274723922,NaN,NaN,NaN,NaN,0.0470337457954884,8.43993091583252,4.99167013168335,3.70660400390625,-63.3987731933594,-35.0563049316406,-0.416748046875,-1.31396484375,-0.061279296875,0,NaN
2016,274740589,NaN,NaN,NaN,NaN,-0.0156127102673054,8.31843566894531,5.05546236038208,1.63817226886749,-60.8613662719727,-35.6810989379883,-0.414306640625,-1.322265625,-0.047119140625,0,NaN
2017,274757256,NaN,NaN,NaN,NaN,-0.0689054131507874,8.29138660430908,5.01186800003052,0.976929545402527,-58.4304237365723,-36.6835441589355,-0.40673828125,-1.327392578125,-0.035888671875,0,NaN
2018,274773923,NaN,NaN,NaN,NaN,-0.177756279706955,8.45098876953125,5.06020212173462,-0.185951203107834,-56.6041946411133,-37.5396575927734,-0.402587890625,-1.3330078125,-0.028076171875,0,NaN
2019,274790590,NaN,NaN,NaN,NaN,-0.242129996418953,8.49673461914062,5.13934373855591,-3.50149035453796,-55.2916107177734,-37.6290817260742,-0.39599609375,-1.337890625,-0.021240234375,0,NaN
2020,274807257,NaN,NaN,NaN,NaN,-0.225425943732262,8.42967796325684,5.09583377838135,-6.73391199111938,-54.4249000549316,-36.7590522766113,-0.388916015625,-1.3447265625,-0.0107421875,0,NaN
2021,274823924,NaN,NaN,NaN,NaN,-0.299245446920395,8.40619564056396,5.03076410293579,-8.12756824493408,-53.6015319824219,-36.1895408630371,-0.384033203125,-1.349853515625,-0.009521484375,0,NaN
2022,274840591,NaN,NaN,NaN,NaN,-0.441616922616959,8.34217643737793,5.01262712478638,-7.41071939468384,-53.1342163085938,-35.7507629394531,-0.377685546875,-1.35595703125,-0.0009765625,0,NaN
2023,274857258,NaN,NaN,NaN,NaN,-0.528640866279602,8.1787691116333,5.07826709747314,-4.35694885253906,-53.3856658935547,-34.3284072875977,-0.36767578125,-1.359375,0.001708984375,0,NaN
2024,274873925,NaN,NaN,NaN,NaN,-0.580286622047424,8.04418659210205,5.19952964782715,-1.94350492954254,-52.4279975891113,-33.2728424072266,-0.36669921875,-1.36328125,0.01025390625,0,NaN
2025,274890592,NaN,NaN,NaN,NaN,-0.488387286663055,8.08435821533203,5.23925828933716,-0.121623501181602,-52.2821884155273,-31.7330284118652,-0.3564453125,-1.36669921875,0.019775390625,0,NaN
2026,274907259,NaN,NaN,NaN,NaN,-0.537377774715424,8.1012716293335,5.25707340240479,-0.340717285871506,-52.0186424255371,-29.9115200042725,-0.35546875,-1.372314453125,0.02587890625,0,NaN
2027,274923926,NaN,NaN,NaN,NaN,-0.562410771846771,8.08009243011475,5.18684959411621,-1.42039549350739,-51.8237266540527,-28.5345420837402,-0.3466796875,-1.3740234375,0.03271484375,0,NaN
2028,274940593,NaN,NaN,NaN,NaN,-0.55633407831192,7.98117113113403,5.22221851348877,0.592601835727692,-51.7943916320801,-28.1147518157959,-0.341796875,-1.37841796875,0.038818359375,0,NaN
2029,274957260,NaN,NaN,NaN,NaN,-0.521536290645599,8.05952739715576,5.29886054992676,1.67934942245483,-51.8766860961914,-28.2846069335938,-0.333740234375,-1.380126953125,0.046875,0,NaN
2030,274973927,NaN,NaN,NaN,NaN,-0.581218779087067,8.18285083770752,5.34702777862549,0.0642822757363319,-52.3577156066895,-28.5361957550049,-0.328857421875,-1.38525390625,0.052978515625,0,NaN
2031,274990594,NaN,NaN,NaN,NaN,-0.521929383277893,8.18444919586182,5.38217258453369,-4.32282447814941,-52.4592437744141,-28.4860496520996,-0.32275390625,-1.3896484375,0.05810546875,0,NaN
2032,275007261,NaN,NaN,NaN,NaN,-0.582592487335205,8.27692604064941,5.48751401901245,-11.0233373641968,-52.5023002624512,-28.4422092437744,-0.3212890625,-1.3896484375,0.06201171875,0,NaN
2033,275023928,NaN,NaN,NaN,NaN,-0.631725907325745,8.15226459503174,5.54586267471313,-15.2481822967529,-52.1921310424805,-27.7701263427734,-0.3134765625,-1.390869140625,0.06591796875,0,NaN
2034,275040595,NaN,NaN,NaN,NaN,-0.623356223106384,8.13151836395264,5.58126163482666,-15.0443897247314,-52.6949806213379,-26.5706520080566,-0.306884765625,-1.3955078125,0.064697265625,0,NaN
2035,275057262,NaN,NaN,NaN,NaN,-0.643443763256073,8.06915855407715,5.58910989761353,-13.8493719100952,-51.9076194763184,-26.292818069458,-0.30126953125,-1.396728515625,0.067138671875,0,NaN
2036,275073929,NaN,NaN,NaN,NaN,-0.566396594047546,7.98925685882568,5.59137392044067,-12.0884685516357,-51.4709091186523,-25.5177402496338,-0.297607421875,-1.39794921875,0.06982421875,0,NaN
2037,275090596,NaN,NaN,NaN,NaN,-0.548945546150208,8.05851459503174,5.7618842124939,-10.324161529541,-50.8321495056152,-24.2895832061768,-0.29150390625,-1.39794921875,0.07373046875,0,NaN
2038,275107263,NaN,NaN,NaN,NaN,-0.580839812755585,7.97980260848999,5.79998350143433,-11.4066753387451,-48.9187469482422,-23.343921661377,-0.28662109375,-1.4013671875,0.07763671875,0,NaN
2039,275123930,NaN,NaN,NaN,NaN,-0.549344122409821,7.77703857421875,5.78850984573364,-10.0202379226685,-47.3123435974121,-22.262601852417,-0.28271484375,-1.402587890625,0.074951171875,0,NaN
2040,275140597,NaN,NaN,NaN,NaN,-0.46892848610878,7.81711864471436,5.79453992843628,-7.54266405105591,-45.9518127441406,-21.3828449249268,-0.276611328125,-1.403076171875,0.077880859375,0,NaN
2041,275157264,NaN,NaN,NaN,NaN,-0.473471879959106,7.77528476715088,5.78525876998901,-5.27078104019165,-45.4636840820312,-20.0982971191406,-0.2744140625,-1.406494140625,0.082763671875,0,NaN
2042,275173931,NaN,NaN,NaN,NaN,-0.302425265312195,7.66368436813354,6.01050758361816,-0.645956993103027,-41.1016006469727,-19.8050880432129,-0.267822265625,-1.404296875,0.085693359375,0,NaN
2043,275190598,NaN,NaN,NaN,NaN,-0.31884577870369,7.4561619758606,6.31877517700195,2.15706872940063,-36.2499351501465,-16.8958435058594,-0.26416015625,-1.406494140625,0.091796875,0,NaN
2044,275207265,NaN,NaN,NaN,NaN,-0.259462982416153,7.70761775970459,6.08117294311523,3.96832847595215,-33.0029296875,-14.6222276687622,-0.2607421875,-1.409912109375,0.093505859375,0,NaN
2045,275223932,NaN,NaN,NaN,NaN,-0.263142675161362,8.17671871185303,6.18791437149048,-4.12568426132202,-29.1862277984619,-14.7235279083252,-0.2568359375,-1.409912109375,0.096923828125,0,NaN
2046,275240599,NaN,NaN,NaN,NaN,-0.148261696100235,7.98746299743652,6.18361806869507,-12.4703960418701,-25.6678333282471,-15.1997976303101,-0.25244140625,-1.413330078125,0.09814453125,0,NaN
2047,275257266,NaN,NaN,NaN,NaN,-0.276020079851151,7.6697998046875,6.15270280838013,-17.298713684082,-22.0463886260986,-15.3783435821533,-0.250732421875,-1.409423828125,0.093505859375,0,NaN
2048,275273933,NaN,NaN,NaN,NaN,-0.464765429496765,7.54657316207886,5.98000764846802,-14.4540071487427,-21.1318740844727,-14.6911563873291,-0.247314453125,-1.41064453125,0.089599609375,0,NaN
2049,275290600,NaN,NaN,NaN,NaN,-0.413361310958862,7.87411546707153,5.92644166946411,-7.43364000320435,-18.2584095001221,-14.2380771636963,-0.242919921875,-1.41015625,0.088623046875,0,NaN
2050,275307267,NaN,NaN,NaN,NaN,-0.462281435728073,7.93849182128906,6.15460872650146,-8.43654346466064,-16.2377376556396,-13.2395353317261,-0.2412109375,-1.40966796875,0.089599609375,0,NaN
2051,275323934,NaN,NaN,NaN,NaN,-0.727459013462067,7.74615335464478,5.9345269203186,-6.89365816116333,-17.7551383972168,-11.1778621673584,-0.23779296875,-1.4091796875,0.085205078125,0,NaN
2052,275340601,NaN,NaN,NaN,NaN,-0.628151535987854,7.70018529891968,6.01900720596313,-4.75965261459351,-15.8798179626465,-9.99582958221436,-0.23291015625,-1.410400390625,0.089111328125,0,NaN
2053,275357268,NaN,NaN,NaN,NaN,-0.734947800636292,7.54690837860107,6.0057225227356,2.56234240531921,-16.851411819458,-8.31535339355469,-0.2294921875,-1.414306640625,0.08740234375,0,NaN
2054,275373935,NaN,NaN,NaN,NaN,-0.537459254264832,7.92165946960449,6.10654211044312,-0.320517688989639,-16.6469173431396,-8.66188049316406,-0.228515625,-1.412109375,0.089111328125,0,NaN
2055,275390602,NaN,NaN,NaN,NaN,-0.517087996006012,7.49802160263062,6.07438659667969,-1.71796095371246,-16.3320331573486,-6.1042046546936,-0.226806640625,-1.414306640625,0.093017578125,0,NaN
2056,275407269,NaN,NaN,NaN,NaN,-0.521698713302612,7.58269023895264,5.97134637832642,-2.61178064346313,-16.2668704986572,-4.96416854858398,-0.228515625,-1.413330078125,0.089111328125,0,NaN
2057,275423936,NaN,NaN,NaN,NaN,-0.553908705711365,7.72995853424072,6.0112133026123,-1.60325396060944,-15.9822635650635,-4.13838863372803,-0.224609375,-1.4111328125,0.09130859375,0,NaN
2058,275440603,NaN,NaN,NaN,NaN,-0.650193631649017,7.79523515701294,5.97603321075439,-2.3023533821106,-16.0712776184082,-3.50335931777954,-0.22509765625,-1.409912109375,0.09130859375,0,NaN
2059,275457270,NaN,NaN,NaN,NaN,-0.618798732757568,7.4646372795105,5.96515512466431,3.7268488407135,-14.4938154220581,-2.50774121284485,-0.22509765625,-1.4111328125,0.09033203125,0,NaN
2060,275473937,NaN,NaN,NaN,NaN,-0.584837853908539,7.76950788497925,6.06193208694458,1.66134989261627,-13.927020072937,-2.33047604560852,-0.22412109375,-1.41259765625,0.093017578125,0,NaN
2061,275490604,NaN,NaN,NaN,NaN,-0.511306762695312,7.63746500015259,5.92937994003296,1.07365322113037,-14.9978494644165,-1.23332929611206,-0.2275390625,-1.41259765625,0.093505859375,0,NaN
2062,275507271,NaN,NaN,NaN,NaN,-0.569132447242737,7.67894554138184,6.18993854522705,2.37283229827881,-13.1896772384644,-0.925476968288422,-0.225341796875,-1.414306640625,0.09814453125,0,NaN
2063,275523938,NaN,NaN,NaN,NaN,-0.566685378551483,7.51973056793213,6.23436594009399,5.44155597686768,-13.1873722076416,0.53852653503418,-0.2265625,-1.414794921875,0.100341796875,0,NaN
2064,275540605,NaN,NaN,NaN,NaN,-0.418808907270432,7.87058782577515,6.03068113327026,3.33128643035889,-14.4979782104492,1.88675463199615,-0.225341796875,-1.414306640625,0.10205078125,0,NaN
2065,275557272,NaN,NaN,NaN,NaN,-0.348489880561829,7.95974779129028,6.18944263458252,0.0184475556015968,-12.6488389968872,2.09373044967651,-0.229248046875,-1.411865234375,0.1025390625,0,NaN
2066,275573939,NaN,NaN,NaN,NaN,-0.35003250837326,7.77228879928589,6.14022827148438,-4.44080924987793,-12.4615850448608,3.34165906906128,-0.228759765625,-1.41357421875,0.10205078125,0,NaN
2067,275590606,NaN,NaN,NaN,NaN,-0.264614075422287,7.94703197479248,5.98377799987793,-4.64882278442383,-11.6871576309204,2.53298854827881,-0.228759765625,-1.410888671875,0.103759765625,0,NaN
2068,275607273,NaN,NaN,NaN,NaN,-0.211547076702118,8.05841541290283,5.8163013458252,-4.1807107925415,-10.6363172531128,2.40856146812439,-0.232666015625,-1.4130859375,0.1025390625,0,NaN
2069,275623940,NaN,NaN,NaN,NaN,-0.0964178219437599,8.36039257049561,5.72381353378296,-9.46931648254395,-9.84153270721436,0.427495449781418,-0.2314453125,-1.40966796875,0.100341796875,0,NaN
2070,275640607,NaN,NaN,NaN,NaN,-0.134131327271461,8.34540557861328,5.80889749526978,-13.8413438796997,-7.30584859848022,-2.14413046836853,-0.232421875,-1.407958984375,0.095947265625,0,NaN
2071,275657274,NaN,NaN,NaN,NaN,-0.281140983104706,8.410475730896,5.72735834121704,-18.2550678253174,-7.8365740776062,-4.13020753860474,-0.230712890625,-1.40869140625,0.09033203125,0,NaN
2072,275673941,NaN,NaN,NaN,NaN,-0.258084684610367,8.21102714538574,5.56424140930176,-17.2451419830322,-8.76791667938232,-5.35788917541504,-0.22998046875,-1.409423828125,0.086181640625,0,NaN
2073,275690608,NaN,NaN,NaN,NaN,-0.474355220794678,8.29444599151611,5.37789583206177,-11.7491579055786,-10.084228515625,-7.2240948677063,-0.227783203125,-1.409423828125,0.084716796875,0,NaN
2074,275707275,NaN,NaN,NaN,NaN,-0.511108815670013,8.53712558746338,5.60029745101929,-11.4937257766724,-10.6496324539185,-9.59497737884521,-0.22705078125,-1.408935546875,0.0791015625,0,NaN
2075,275723942,NaN,NaN,NaN,NaN,-0.441942989826202,8.22625637054443,5.75641059875488,-12.1562652587891,-12.7553720474243,-10.0163984298706,-0.22314453125,-1.40771484375,0.07958984375,0,NaN
2076,275740609,NaN,NaN,NaN,NaN,-0.623838663101196,8.04098320007324,5.81275606155396,-11.3807277679443,-14.970890045166,-10.3469076156616,-0.221435546875,-1.40966796875,0.074462890625,0,NaN
2077,275757276,NaN,NaN,NaN,NaN,-0.617699682712555,7.95405244827271,5.88848209381104,-5.62805271148682,-17.1406059265137,-9.69475364685059,-0.21923828125,-1.40673828125,0.07568359375,0,NaN
2078,275773943,NaN,NaN,NaN,NaN,-0.512876033782959,8.01471996307373,5.9437427520752,-0.216440454125404,-19.0923519134521,-8.65670871734619,-0.21484375,-1.411376953125,0.07568359375,0,NaN
2079,275790610,NaN,NaN,NaN,NaN,-0.394372463226318,7.89217185974121,6.05903482437134,4.00430297851562,-20.3122386932373,-7.99277687072754,-0.213134765625,-1.407470703125,0.0751953125,0,NaN
2080,275807277,NaN,NaN,NaN,NaN,-0.322730541229248,7.81309032440186,6.15636205673218,5.15729904174805,-20.6672420501709,-7.64532709121704,-0.21337890625,-1.41064453125,0.080078125,0,NaN
2081,275823944,NaN,NaN,NaN,NaN,-0.193272709846497,7.67243576049805,6.15486764907837,6.04223251342773,-20.8358154296875,-7.54043054580688,-0.21435546875,-1.41015625,0.08251953125,0,NaN
2082,275840611,NaN,NaN,NaN,NaN,-0.148829624056816,7.61449670791626,6.28835821151733,5.64701318740845,-18.5899677276611,-6.75771474838257,-0.210693359375,-1.412353515625,0.0869140625,0,NaN
2083,275857278,NaN,NaN,NaN,NaN,-0.0814964324235916,7.59999418258667,6.32262945175171,3.81270384788513,-15.793176651001,-5.91379833221436,-0.210205078125,-1.411865234375,0.089599609375,0,NaN
2084,275873945,NaN,NaN,NaN,NaN,-0.00183966569602489,7.6353120803833,6.37006139755249,1.14794301986694,-15.0933218002319,-5.40089082717896,-0.208984375,-1.41064453125,0.092529296875,0,NaN
2085,275890612,NaN,NaN,NaN,NaN,-0.016162384301424,7.55385446548462,6.40065336227417,1.38261926174164,-12.8703508377075,-4.65459871292114,-0.206787109375,-1.412841796875,0.093017578125,0,NaN
2086,275907279,NaN,NaN,NaN,NaN,-0.14038859307766,7.65987682342529,6.24976110458374,2.01735353469849,-12.3908939361572,-4.20856618881226,-0.208984375,-1.40966796875,0.093017578125,0,NaN
2087,275923946,NaN,NaN,NaN,NaN,-0.211010217666626,7.6539626121521,6.51164293289185,5.16222286224365,-8.22850608825684,-4.6484637260437,-0.20703125,-1.4150390625,0.096435546875,0,NaN
2088,275940613,NaN,NaN,NaN,NaN,-0.278276413679123,7.31431531906128,6.4428071975708,7.38666105270386,-7.62973117828369,-2.24970507621765,-0.20654296875,-1.412353515625,0.0986328125,0,NaN
2089,275957280,NaN,NaN,NaN,NaN,-0.218281805515289,7.66045808792114,6.26190757751465,5.1115345954895,-8.60411548614502,-2.83825945854187,-0.205810546875,-1.412841796875,0.099853515625,0,NaN
2090,275973947,NaN,NaN,NaN,NaN,0.13323587179184,7.47704267501831,6.43630361557007,2.87718343734741,-6.54656791687012,-1.81280291080475,-0.204833984375,-1.416259765625,0.1025390625,0,NaN
2091,275990614,NaN,NaN,NaN,NaN,0.112008884549141,7.71607398986816,6.48499917984009,-2.7755970954895,-4.72117614746094,-0.1992027759552,-0.204345703125,-1.41357421875,0.100341796875,0,NaN
2092,276007281,NaN,NaN,NaN,NaN,-0.179737731814384,7.53829479217529,6.29769802093506,-3.14741683006287,-4.46232128143311,1.49688947200775,-0.205322265625,-1.412841796875,0.0986328125,0,NaN
2093,276023948,NaN,NaN,NaN,NaN,-0.42911034822464,7.64191198348999,6.19192504882812,0.0820823162794113,-4.27004718780518,1.88256573677063,-0.20654296875,-1.412841796875,0.099365234375,0,NaN
2094,276040615,NaN,NaN,NaN,NaN,-0.322043240070343,7.68848848342896,6.33309507369995,2.07539129257202,-3.296226978302,1.18876874446869,-0.205810546875,-1.412841796875,0.099365234375,0,NaN
2095,276057282,NaN,NaN,NaN,NaN,-0.12807559967041,7.68563556671143,6.38039207458496,-0.888709425926208,-3.17629480361938,0.767426908016205,-0.208740234375,-1.412353515625,0.09814453125,0,NaN
2096,276073949,NaN,NaN,NaN,NaN,-0.204726845026016,7.85522079467773,6.34277963638306,-3.90738439559937,-3.2506365776062,1.15852022171021,-0.20751953125,-1.4150390625,0.100830078125,0,NaN
2097,276090616,NaN,NaN,NaN,NaN,-0.333985805511475,7.91488122940063,6.22537469863892,-4.62793350219727,-2.91103744506836,1.35961830615997,-0.20654296875,-1.41357421875,0.0986328125,0,NaN
2098,276107283,NaN,NaN,NaN,NaN,-0.328801721334457,7.86987686157227,6.12298440933228,-2.27996635437012,-2.9111270904541,1.39871609210968,-0.20849609375,-1.411865234375,0.0947265625,0,NaN
2099,276123950,NaN,NaN,NaN,NaN,-0.248702943325043,8.01151275634766,6.16329765319824,0.922319650650024,-3.8344132900238,1.52056837081909,-0.2080078125,-1.412353515625,0.099365234375,0,NaN
2100,276140617,NaN,NaN,NaN,NaN,-0.203377977013588,8.1627368927002,6.17112159729004,-0.0217195712029934,-4.28766822814941,0.987414419651031,-0.20751953125,-1.412841796875,0.0947265625,0,NaN
2101,276157284,NaN,NaN,NaN,NaN,-0.236587405204773,8.14354610443115,6.10657453536987,-1.42456555366516,-4.75251340866089,0.107144333422184,-0.209716796875,-1.41162109375,0.099365234375,0,NaN
2102,276173951,NaN,NaN,NaN,NaN,-0.260647982358932,8.15974903106689,6.05993175506592,-1.42927849292755,-5.06048059463501,-1.1753157377243,-0.208984375,-1.41357421875,0.0908203125,0,NaN
2103,276190618,NaN,NaN,NaN,NaN,-0.181408151984215,8.14336681365967,6.08211660385132,-1.41421794891357,-4.84792041778564,-2.87610125541687,-0.20751953125,-1.412353515625,0.0947265625,0,NaN
2104,276207285,NaN,NaN,NaN,NaN,-0.129508450627327,8.17445850372314,5.97406005859375,-4.64185523986816,-6.11219024658203,-4.38077163696289,-0.209228515625,-1.41455078125,0.093017578125,0,NaN
2105,276223952,NaN,NaN,NaN,NaN,-0.0694629102945328,8.13000392913818,5.98936986923218,-8.60544967651367,-7.1443338394165,-5.89946603775024,-0.208984375,-1.412841796875,0.089599609375,0,NaN
2106,276240619,NaN,NaN,NaN,NaN,-0.00613624649122357,7.99201679229736,5.91418123245239,-10.3500728607178,-8.25446605682373,-7.10162496566772,-0.201904296875,-1.41259765625,0.09130859375,0,NaN
2107,276257286,NaN,NaN,NaN,NaN,0.0289758201688528,7.98990678787231,5.77564764022827,-9.50648212432861,-9.00749492645264,-8.14434623718262,-0.198974609375,-1.410888671875,0.0869140625,0,NaN
2108,276273953,NaN,NaN,NaN,NaN,0.0161730740219355,8.15439605712891,5.82838487625122,-9.58346080780029,-9.73058032989502,-8.311354637146,-0.19775390625,-1.414306640625,0.08251953125,0,NaN
2109,276290620,NaN,NaN,NaN,NaN,0.00731151923537254,8.08121299743652,5.80669212341309,-13.0599451065063,-10.2731266021729,-9.74052047729492,-0.19775390625,-1.41259765625,0.07958984375,0,NaN
2110,276307287,NaN,NaN,NaN,NaN,-0.196812152862549,7.72521591186523,5.81703948974609,-12.6677255630493,-10.6711730957031,-10.5894956588745,-0.19384765625,-1.41455078125,0.076904296875,0,NaN
2111,276323954,NaN,NaN,NaN,NaN,-0.395361632108688,7.48313903808594,6.0423150062561,-3.46209645271301,-10.8125371932983,-9.4888334274292,-0.19482421875,-1.412841796875,0.076904296875,0,NaN
2112,276340621,NaN,NaN,NaN,NaN,-0.174561783671379,7.70873975753784,6.07783651351929,1.9861958026886,-10.6949987411499,-9.23659896850586,-0.188720703125,-1.412841796875,0.076904296875,0,NaN
2113,276357288,NaN,NaN,NaN,NaN,0.093744769692421,7.87248516082764,6.16444253921509,0.104647167026997,-12.0627822875977,-9.24784278869629,-0.188232421875,-1.416748046875,0.077392578125,0,NaN
2114,276373955,NaN,NaN,NaN,NaN,0.0827000960707664,7.53649711608887,6.14278125762939,-1.60972130298615,-13.8118286132812,-8.58240127563477,-0.18505859375,-1.416748046875,0.0791015625,0,NaN
2115,276390622,NaN,NaN,NaN,NaN,-0.174807712435722,7.71962070465088,6.20792722702026,-7.72163581848145,-12.7990894317627,-10.5879812240601,-0.181640625,-1.41455078125,0.07861328125,0,NaN
2116,276407289,NaN,NaN,NaN,NaN,-0.124997958540916,7.48172378540039,6.3387303352356,-6.94893980026245,-14.1485891342163,-10.0021305084229,-0.17919921875,-1.415771484375,0.07080078125,0,NaN
2117,276423956,NaN,NaN,NaN,NaN,-0.233722969889641,7.5168628692627,6.44751882553101,-6.26384830474854,-13.9834995269775,-9.0601167678833,-0.177001953125,-1.415283203125,0.07568359375,0,NaN
2118,276440623,NaN,NaN,NaN,NaN,-0.313797414302826,7.58549785614014,6.37353086471558,-4.98232793807983,-13.6260852813721,-8.48782539367676,-0.1748046875,-1.41650390625,0.0712890625,0,NaN
2119,276457290,NaN,NaN,NaN,NaN,-0.350024968385696,7.27663516998291,6.52654409408569,0.877498269081116,-14.0832319259644,-6.70155572891235,-0.173095703125,-1.41748046875,0.073974609375,0,NaN
2120,276473957,NaN,NaN,NaN,NaN,-0.0937114655971527,7.28386497497559,6.52320051193237,6.15453815460205,-14.589262008667,-5.11313152313232,-0.171630859375,-1.418212890625,0.0751953125,0,NaN
2121,276490624,NaN,NaN,NaN,NaN,0.042119212448597,7.48158311843872,6.62686204910278,10.040452003479,-13.8007144927979,-4.07365369796753,-0.172119140625,-1.418212890625,0.078125,0,NaN
2122,276507291,NaN,NaN,NaN,NaN,-0.00829698238521814,7.63556003570557,6.71665096282959,6.53096723556519,-11.0279903411865,-3.92245936393738,-0.170654296875,-1.4169921875,0.08251953125,0,NaN
2123,276523958,NaN,NaN,NaN,NaN,-0.154296308755875,7.33979988098145,6.76821660995483,5.25723266601562,-8.67529296875,-3.17920303344727,-0.17236328125,-1.416259765625,0.0869140625,0,NaN
2124,276540625,NaN,NaN,NaN,NaN,-0.0511517636477947,7.07013940811157,6.71702718734741,9.07065773010254,-6.14287519454956,-2.85510015487671,-0.1689453125,-1.419677734375,0.087646484375,0,NaN
2125,276557292,NaN,NaN,NaN,NaN,0.0866949036717415,7.11606788635254,6.61178779602051,14.1092977523804,-3.85106468200684,-2.34405040740967,-0.170654296875,-1.41796875,0.08984375,0,NaN
2126,276573959,NaN,NaN,NaN,NaN,0.184219121932983,7.69413089752197,6.72309255599976,10.8292140960693,0.0205862149596214,-2.27507448196411,-0.170166015625,-1.41845703125,0.09326171875,0,NaN
2127,276590626,NaN,NaN,NaN,NaN,0.111599132418633,7.53563213348389,6.64150810241699,4.05109071731567,3.3402099609375,-0.939819633960724,-0.16748046875,-1.42138671875,0.09423828125,0,NaN
2128,276607293,NaN,NaN,NaN,NaN,0.00184249924495816,7.24373006820679,6.38269805908203,2.20664310455322,4.48640394210815,0.515679657459259,-0.16357421875,-1.423583984375,0.095947265625,0,NaN
2129,276623960,NaN,NaN,NaN,NaN,-0.0946125462651253,7.3367166519165,6.3176417350769,3.93474531173706,4.96546411514282,1.24040400981903,-0.16748046875,-1.4208984375,0.095458984375,0,NaN
2130,276640627,NaN,NaN,NaN,NaN,-0.0876871794462204,7.55641603469849,6.26739025115967,4.34059143066406,3.88604259490967,1.25465750694275,-0.16748046875,-1.4208984375,0.095947265625,0,NaN
2131,276657294,NaN,NaN,NaN,NaN,-0.183276191353798,7.68535137176514,6.14375877380371,1.32542538642883,2.44125556945801,1.48862946033478,-0.16796875,-1.4208984375,0.095458984375,0,NaN
2132,276673961,NaN,NaN,NaN,NaN,-0.269997358322144,7.6379828453064,6.14273548126221,-0.542809844017029,1.04871833324432,1.44882714748383,-0.16748046875,-1.421875,0.09716796875,0,NaN
2133,276690628,NaN,NaN,NaN,NaN,-0.262791723012924,7.66126251220703,6.21394205093384,-1.48022186756134,0.156525611877441,1.22987699508667,-0.16748046875,-1.420166015625,0.09375,0,NaN
2134,276707295,NaN,NaN,NaN,NaN,-0.124250665307045,7.66478633880615,6.20667219161987,-1.73039412498474,-0.329750716686249,1.364382147789,-0.169677734375,-1.419189453125,0.09423828125,0,NaN
2135,276723962,NaN,NaN,NaN,NaN,-0.0669150799512863,7.58016443252563,6.23304462432861,0.641553282737732,-0.480955243110657,1.69349241256714,-0.16748046875,-1.421875,0.09326171875,0,NaN
2136,276740629,NaN,NaN,NaN,NaN,-0.0444162860512733,7.63675689697266,6.25615215301514,1.06851708889008,0.0546639151871204,1.32917761802673,-0.169677734375,-1.420166015625,0.09326171875,0,NaN
2137,276757296,NaN,NaN,NaN,NaN,-0.11655156314373,7.78386497497559,6.22897577285767,0.070005901157856,0.435819268226624,1.04769384860992,-0.170654296875,-1.419677734375,0.09033203125,0,NaN
2138,276773963,NaN,NaN,NaN,NaN,-0.163381949067116,7.6447958946228,6.22315168380737,-0.544423580169678,0.926584303379059,0.909218907356262,-0.16455078125,-1.42138671875,0.091552734375,0,NaN
2139,276790630,NaN,NaN,NaN,NaN,-0.155530035495758,7.61599922180176,6.17813348770142,0.436613321304321,0.662363648414612,1.18227589130402,-0.16796875,-1.420166015625,0.09033203125,0,NaN
2140,276807297,NaN,NaN,NaN,NaN,-0.133996307849884,7.77157020568848,6.07404041290283,-0.49208402633667,-0.340303122997284,1.14609789848328,-0.165283203125,-1.42041015625,0.091552734375,0,NaN
2141,276823964,NaN,NaN,NaN,NaN,-0.0984843149781227,7.80370283126831,6.11275815963745,-1.09695363044739,-0.988291561603546,1.27507054805756,-0.170166015625,-1.42138671875,0.092529296875,0,NaN
2142,276840631,NaN,NaN,NaN,NaN,-0.148581966757774,7.68150997161865,6.19416618347168,-1.75436758995056,-0.907496392726898,1.45607566833496,-0.16845703125,-1.419677734375,0.088623046875,0,NaN
2143,276857298,NaN,NaN,NaN,NaN,-0.159673392772675,7.67346000671387,6.24471044540405,-1.29058563709259,-0.435864150524139,1.67648577690125,-0.1689453125,-1.419677734375,0.088134765625,0,NaN
2144,276873965,NaN,NaN,NaN,NaN,-0.048510268330574,7.74919891357422,6.28690433502197,-0.277116626501083,-0.284211337566376,1.5484094619751,-0.169189453125,-1.42138671875,0.09033203125,0,NaN
2145,276890632,NaN,NaN,NaN,NaN,-0.0787796899676323,7.75452518463135,6.31797075271606,-1.30068981647491,0.475224494934082,1.09748506546021,-0.16845703125,-1.418701171875,0.087646484375,0,NaN
2146,276907299,NaN,NaN,NaN,NaN,-0.194299221038818,7.67078161239624,6.27073764801025,-1.34556305408478,0.508674621582031,0.625225186347961,-0.1689453125,-1.418701171875,0.084228515625,0,NaN
2147,276923966,NaN,NaN,NaN,NaN,-0.167584642767906,7.74116897583008,6.30625534057617,-0.533307552337646,0.358507335186005,0.514616727828979,-0.17236328125,-1.419189453125,0.085205078125,0,NaN
2148,276940633,NaN,NaN,NaN,NaN,-0.154532060027122,7.76392507553101,6.33957862854004,-0.68095201253891,0.09721939265728,0.945140480995178,-0.170166015625,-1.41748046875,0.087646484375,0,NaN
2149,276957300,NaN,NaN,NaN,NaN,-0.142448902130127,7.81303739547729,6.31453037261963,-0.96703314781189,-0.245408087968826,1.23891830444336,-0.171142578125,-1.4140625,0.08251953125,0,NaN
2150,276973967,NaN,NaN,NaN,NaN,-0.194887772202492,7.77702665328979,6.38557100296021,-0.459312498569489,-0.259866446256638,1.18889677524567,-0.170654296875,-1.419189453125,0.083740234375,0,NaN
2151,276990634,NaN,NaN,NaN,NaN,-0.205255627632141,7.88880205154419,6.41484117507935,-1.54002773761749,-0.581113755702972,0.562397301197052,-0.171630859375,-1.4169921875,0.0830078125,0,NaN
2152,277007301,NaN,NaN,NaN,NaN,-0.231369629502296,7.82884454727173,6.46957731246948,-3.07991433143616,-0.420278787612915,0.196724757552147,-0.1689453125,-1.41748046875,0.07958984375,0,NaN
2153,277023968,NaN,NaN,NaN,NaN,-0.149434104561806,7.8630838394165,6.4984769821167,-3.31183743476868,-0.197448298335075,-0.400544226169586,-0.171142578125,-1.418212890625,0.07861328125,0,NaN
2154,277040635,NaN,NaN,NaN,NaN,-0.101818561553955,7.98723554611206,6.6490273475647,-4.1910195350647,1.06088447570801,-1.37030518054962,-0.17041015625,-1.41748046875,0.07861328125,0,NaN
2155,277057302,NaN,NaN,NaN,NaN,-0.133122161030769,7.93973684310913,6.58402585983276,-7.83368396759033,1.23972523212433,-1.7860506772995,-0.168701171875,-1.417724609375,0.07568359375,0,NaN
2156,277073969,NaN,NaN,NaN,NaN,-0.209540322422981,7.90477561950684,6.48796081542969,-6.37428522109985,1.74859857559204,-2.54088258743286,-0.168701171875,-1.416015625,0.0751953125,0,NaN
2157,277090636,NaN,NaN,NaN,NaN,-0.340530216693878,7.94047403335571,6.58931112289429,-4.55501317977905,2.23198652267456,-3.47606539726257,-0.166015625,-1.41943359375,0.072509765625,0,NaN
2158,277107303,NaN,NaN,NaN,NaN,-0.349199175834656,8.10198211669922,6.79192495346069,-3.631343126297,2.05846071243286,-4.18768930435181,-0.164794921875,-1.417724609375,0.0712890625,0,NaN
2159,277123970,NaN,NaN,NaN,NaN,-0.20494033396244,8.06187629699707,7.08322477340698,-2.52787113189697,2.10096526145935,-4.5334358215332,-0.164794921875,-1.41552734375,0.068603515625,0,NaN
2160,277140637,NaN,NaN,NaN,NaN,-0.24074424803257,8.29166698455811,7.20833110809326,-6.16926765441895,3.92095303535461,-5.16386699676514,-0.16015625,-1.41943359375,0.0634765625,0,NaN
2161,277157304,NaN,NaN,NaN,NaN,-0.370199590921402,8.2139892578125,7.32539653778076,-11.7095203399658,6.17638540267944,-6.04379510879517,-0.157958984375,-1.415771484375,0.061279296875,0,NaN
2162,277173971,NaN,NaN,NaN,NaN,-0.473305225372314,8.16366863250732,7.41005516052246,-13.7210206985474,8.32014846801758,-7.84940528869629,-0.1572265625,-1.41455078125,0.054931640625,0,NaN
2163,277190638,NaN,NaN,NaN,NaN,-0.468279838562012,8.2309684753418,7.44955492019653,-15.366849899292,10.7984018325806,-11.0217256546021,-0.152587890625,-1.4169921875,0.0478515625,0,NaN
2164,277207305,NaN,NaN,NaN,NaN,-0.384808957576752,8.11965942382812,7.52510404586792,-17.2316761016846,14.2144212722778,-13.7509536743164,-0.146484375,-1.418212890625,0.042236328125,0,NaN
2165,277223972,NaN,NaN,NaN,NaN,-0.47849252820015,7.92368364334106,7.48994255065918,-17.7125778198242,17.810567855835,-15.7041025161743,-0.141357421875,-1.417236328125,0.03369140625,0,NaN
2166,277240639,NaN,NaN,NaN,NaN,-0.503671944141388,8.04895687103271,7.47772169113159,-18.4617557525635,21.1749897003174,-17.4843063354492,-0.1318359375,-1.415771484375,0.028076171875,0,NaN
2167,277257306,NaN,NaN,NaN,NaN,-0.588828921318054,8.04532527923584,7.59993362426758,-18.5455646514893,23.0959033966064,-17.9753360748291,-0.127197265625,-1.417236328125,0.021484375,0,NaN
2168,277273973,NaN,NaN,NaN,NaN,-0.669445097446442,7.91541576385498,7.66142129898071,-19.7974109649658,26.5483665466309,-18.6888732910156,-0.1181640625,-1.41748046875,0.009765625,0,NaN
2169,277290640,NaN,NaN,NaN,NaN,-0.920898973941803,7.86777114868164,7.57317018508911,-21.3235530853271,28.4394378662109,-19.617956161499,-0.10791015625,-1.4169921875,0.005126953125,0,NaN
2170,277307307,NaN,NaN,NaN,NaN,-1.22099351882935,7.65981292724609,7.60552215576172,-22.0888004302979,30.332935333252,-20.8117713928223,-0.099853515625,-1.416259765625,-0.006591796875,0,NaN
2171,277323974,NaN,NaN,NaN,NaN,-1.07808101177216,7.46609592437744,7.64554786682129,-19.0209655761719,31.5777473449707,-20.4654521942139,-0.09130859375,-1.412353515625,-0.015625,0,NaN
2172,277340641,NaN,NaN,NaN,NaN,-0.897319078445435,7.32697439193726,7.6958270072937,-15.2833986282349,33.6315155029297,-20.2938003540039,-0.0791015625,-1.412109375,-0.022705078125,0,NaN
2173,277357308,NaN,NaN,NaN,NaN,-0.976497173309326,7.32035875320435,7.63264989852905,-16.7746505737305,37.1301193237305,-21.0060806274414,-0.069580078125,-1.41455078125,-0.029541015625,0,NaN
2174,277373975,NaN,NaN,NaN,NaN,-1.30692982673645,7.18548583984375,7.58097219467163,-16.7633113861084,38.8530769348145,-21.8922824859619,-0.05810546875,-1.414306640625,-0.0390625,0,NaN
2175,277390642,NaN,NaN,NaN,NaN,-1.51249599456787,7.31541728973389,7.55997133255005,-16.9563827514648,40.8893890380859,-23.6175003051758,-0.046875,-1.413330078125,-0.045166015625,0,NaN
2176,277407309,NaN,NaN,NaN,NaN,-1.53154623508453,7.38436555862427,7.61854028701782,-19.7623119354248,42.0485343933105,-24.6445388793945,-0.036865234375,-1.415283203125,-0.05517578125,0,NaN
2177,277423976,NaN,NaN,NaN,NaN,-1.6083197593689,7.24061727523804,7.66398620605469,-22.1182632446289,42.6551895141602,-24.4934024810791,-0.021484375,-1.41064453125,-0.063720703125,0,NaN
2178,277440643,NaN,NaN,NaN,NaN,-2.02711033821106,7.16365718841553,7.60759210586548,-23.891056060791,43.5598182678223,-25.0466232299805,-0.009765625,-1.407470703125,-0.072021484375,0,NaN
2179,277457310,NaN,NaN,NaN,NaN,-2.4043333530426,6.96040296554565,7.66801500320435,-23.6565475463867,43.1080093383789,-25.052864074707,0.002685546875,-1.4072265625,-0.084228515625,0,NaN
2180,277473977,NaN,NaN,NaN,NaN,-2.40456771850586,6.82831621170044,7.69595527648926,-18.054084777832,41.7219772338867,-24.2828826904297,0.0166015625,-1.40869140625,-0.08935546875,0,NaN
2181,277490644,NaN,NaN,NaN,NaN,-2.143315076828,6.95926809310913,7.68750619888306,-15.1487245559692,40.8193778991699,-24.5620403289795,0.0263671875,-1.406005859375,-0.094970703125,0,NaN
2182,277507311,NaN,NaN,NaN,NaN,-2.11271595954895,6.95658111572266,7.65813398361206,-19.8108196258545,41.4164047241211,-25.2812576293945,0.042724609375,-1.40478515625,-0.10546875,0,NaN
2183,277523978,NaN,NaN,NaN,NaN,-2.28920030593872,6.53638458251953,7.55253744125366,-24.5762233734131,42.0879440307617,-24.8148708343506,0.0556640625,-1.40234375,-0.1123046875,0,NaN
2184,277540645,NaN,NaN,NaN,NaN,-2.272221326828,6.221755027771,7.38334560394287,-22.8980770111084,42.5803108215332,-24.12375831604,0.068115234375,-1.399169921875,-0.12353515625,0,NaN
2185,277557312,NaN,NaN,NaN,NaN,-2.130047082901,6.41068363189697,7.38447856903076,-18.7907238006592,43.2807273864746,-23.5815467834473,0.079833984375,-1.3994140625,-0.125244140625,0,NaN
2186,277573979,NaN,NaN,NaN,NaN,-2.46102118492126,6.36860609054565,7.43697214126587,-21.4094047546387,45.8679618835449,-23.5056076049805,0.094970703125,-1.398681640625,-0.13525390625,0,NaN
2187,277590646,NaN,NaN,NaN,NaN,-2.57998490333557,6.13998937606812,7.23877620697021,-23.2589073181152,47.4120445251465,-23.1774311065674,0.109619140625,-1.393310546875,-0.141845703125,0,NaN
2188,277607313,NaN,NaN,NaN,NaN,-2.64637899398804,6.04263877868652,7.25638103485107,-22.5024547576904,49.2900657653809,-23.2708435058594,0.125244140625,-1.390869140625,-0.153076171875,0,NaN
2189,277623980,NaN,NaN,NaN,NaN,-2.8950023651123,6.00490283966064,7.32460308074951,-23.0954074859619,50.9594535827637,-22.6133193969727,0.1337890625,-1.386962890625,-0.154296875,0,NaN
2190,277640647,NaN,NaN,NaN,NaN,-2.8573784828186,5.85770082473755,7.20051574707031,-26.5861396789551,51.8951148986816,-21.9676456451416,0.15380859375,-1.383544921875,-0.162109375,0,NaN
2191,277657314,NaN,NaN,NaN,NaN,-2.87479662895203,5.77738571166992,7.15809917449951,-29.8613929748535,52.5712547302246,-21.0201225280762,0.164794921875,-1.378173828125,-0.173828125,0,NaN
2192,277673981,NaN,NaN,NaN,NaN,-3.16543078422546,5.65678548812866,7.12892198562622,-32.211181640625,55.5524978637695,-20.7192687988281,0.179931640625,-1.375732421875,-0.180419921875,0,NaN
2193,277690648,NaN,NaN,NaN,NaN,-3.44172096252441,5.50672578811646,7.13439226150513,-30.7559604644775,57.3493766784668,-19.9689331054688,0.1962890625,-1.368896484375,-0.18994140625,0,NaN
2194,277707315,NaN,NaN,NaN,NaN,-3.40833806991577,5.56679582595825,7.21076154708862,-32.3178176879883,56.5270156860352,-18.9079322814941,0.209228515625,-1.363525390625,-0.198974609375,0,NaN
2195,277723982,NaN,NaN,NaN,NaN,-3.45551085472107,5.79364490509033,7.14092254638672,-40.9915428161621,57.2406806945801,-18.1471672058105,0.224853515625,-1.357666015625,-0.206298828125,0,NaN
2196,277740649,NaN,NaN,NaN,NaN,-3.82835412025452,5.38973379135132,6.9654016494751,-48.7149200439453,59.4831962585449,-17.1496391296387,0.24072265625,-1.346923828125,-0.220703125,0,NaN
2197,277757316,NaN,NaN,NaN,NaN,-4.02179670333862,4.83407306671143,6.63788604736328,-44.6564331054688,59.6231117248535,-15.6197853088379,0.2548828125,-1.33984375,-0.232666015625,0,NaN
2198,277773983,NaN,NaN,NaN,NaN,-4.08476209640503,4.77650356292725,6.54670763015747,-33.737850189209,59.4614486694336,-14.2824249267578,0.26953125,-1.333984375,-0.237548828125,0,NaN
2199,277790650,NaN,NaN,NaN,NaN,-4.19713926315308,5.05756139755249,6.66426753997803,-25.8430309295654,59.5122718811035,-12.2956924438477,0.28125,-1.3291015625,-0.2392578125,0,NaN
2200,277807317,NaN,NaN,NaN,NaN,-4.33469152450562,5.18936729431152,6.75342178344727,-27.3292083740234,59.0234565734863,-10.5901298522949,0.29541015625,-1.324951171875,-0.24755859375,0,NaN
2201,277823984,NaN,NaN,NaN,NaN,-4.46281337738037,5.10608816146851,6.6173791885376,-31.6965751647949,59.2635917663574,-9.16439819335938,0.3076171875,-1.319091796875,-0.248779296875,0,NaN
2202,277840651,NaN,NaN,NaN,NaN,-4.65220308303833,4.70697212219238,6.41511249542236,-34.7463302612305,61.0425224304199,-9.39129257202148,0.3212890625,-1.313720703125,-0.257080078125,0,NaN
2203,277857318,NaN,NaN,NaN,NaN,-4.87031030654907,4.41174936294556,6.34537076950073,-27.6979942321777,61.1728553771973,-9.03949546813965,0.334716796875,-1.307861328125,-0.263427734375,0,NaN
2204,277873985,NaN,NaN,NaN,NaN,-5.03160381317139,4.55140161514282,6.49478435516357,-20.2803134918213,60.3545455932617,-8.06734943389893,0.346923828125,-1.30126953125,-0.2626953125,0,NaN
2205,277890652,NaN,NaN,NaN,NaN,-5.19454717636108,4.7876181602478,6.54229307174683,-17.4044303894043,59.9973258972168,-7.11373281478882,0.359130859375,-1.300537109375,-0.26611328125,0,NaN
2206,277907319,NaN,NaN,NaN,NaN,-5.19426679611206,4.8494668006897,6.40744924545288,-22.0499382019043,60.2011299133301,-6.66750621795654,0.373779296875,-1.29443359375,-0.265625,0,NaN
2207,277923986,NaN,NaN,NaN,NaN,-5.39563465118408,4.61081981658936,6.30204248428345,-27.7597179412842,61.1110496520996,-6.28596925735474,0.38671875,-1.2890625,-0.27001953125,0,NaN
2208,277940653,NaN,NaN,NaN,NaN,-5.67117166519165,4.24951362609863,6.29439830780029,-23.6783123016357,60.5983543395996,-5.51522731781006,0.39501953125,-1.28466796875,-0.27001953125,0,NaN
2209,277957320,NaN,NaN,NaN,NaN,-5.74341917037964,4.31372499465942,6.34318590164185,-13.0490446090698,58.7136459350586,-4.6340503692627,0.408203125,-1.281005859375,-0.267822265625,0,NaN
2210,277973987,NaN,NaN,NaN,NaN,-5.76793909072876,4.68435716629028,6.26140928268433,-10.9182033538818,58.2352714538574,-4.40432548522949,0.421630859375,-1.27685546875,-0.26611328125,0,NaN
2211,277990654,NaN,NaN,NaN,NaN,-5.74817800521851,4.74454641342163,6.05515432357788,-17.2229919433594,59.0101013183594,-4.45081663131714,0.43212890625,-1.274658203125,-0.263671875,0,NaN
2212,278007321,NaN,NaN,NaN,NaN,-5.84016895294189,4.62252998352051,5.9364070892334,-26.621000289917,59.6554679870605,-5.0599422454834,0.441650390625,-1.270263671875,-0.2666015625,0,NaN
2213,278023988,NaN,NaN,NaN,NaN,-6.17778968811035,4.37166452407837,5.91242408752441,-28.2298393249512,59.426456451416,-5.1311092376709,0.457275390625,-1.264892578125,-0.2666015625,0,NaN
2214,278040655,NaN,NaN,NaN,NaN,-6.19497966766357,4.2060604095459,5.68190479278564,-23.3676948547363,59.014030456543,-5.3228554725647,0.465087890625,-1.2607421875,-0.2666015625,0,NaN
2215,278057322,NaN,NaN,NaN,NaN,-6.22421455383301,4.38335657119751,5.4029483795166,-16.6650581359863,58.5042533874512,-5.35864353179932,0.476806640625,-1.255859375,-0.265869140625,0,NaN
2216,278073989,NaN,NaN,NaN,NaN,-6.40255498886108,4.51859998703003,5.23710060119629,-17.2790470123291,58.7739067077637,-5.86239004135132,0.48681640625,-1.253173828125,-0.261962890625,0,NaN
2217,278090656,NaN,NaN,NaN,NaN,-6.60347127914429,4.39866161346436,5.27360200881958,-17.8198394775391,58.7954177856445,-6.41592645645142,0.500732421875,-1.245361328125,-0.261474609375,0,NaN
2218,278107323,NaN,NaN,NaN,NaN,-6.70137119293213,4.20497798919678,5.22758817672729,-17.0152912139893,58.0561180114746,-7.29331207275391,0.51123046875,-1.2421875,-0.258056640625,0,NaN
2219,278123990,NaN,NaN,NaN,NaN,-6.80872344970703,4.20305490493774,5.19626188278198,-13.1128034591675,55.4757804870605,-7.36312246322632,0.525634765625,-1.24072265625,-0.254150390625,0,NaN
2220,278140657,NaN,NaN,NaN,NaN,-6.88277721405029,4.3707275390625,5.12525653839111,-16.9685077667236,54.2834320068359,-8.20341968536377,0.5361328125,-1.235107421875,-0.24951171875,0,NaN
2221,278157324,NaN,NaN,NaN,NaN,-7.00555658340454,4.29659414291382,4.95036506652832,-23.6177997589111,53.4587249755859,-8.62342929840088,0.54833984375,-1.23095703125,-0.246826171875,0,NaN
2222,278173991,NaN,NaN,NaN,NaN,-7.12499904632568,4.08116912841797,4.88532876968384,-27.2897777557373,52.1890449523926,-8.11283493041992,0.556640625,-1.224365234375,-0.24609375,0,NaN
2223,278190658,NaN,NaN,NaN,NaN,-7.18180894851685,3.95002269744873,4.79374647140503,-27.3588447570801,50.5986518859863,-7.84553861618042,0.567138671875,-1.21728515625,-0.24609375,0,NaN
2224,278207325,NaN,NaN,NaN,NaN,-7.19215774536133,3.85034465789795,4.59100008010864,-27.8270664215088,49.3931503295898,-8.17799282073975,0.57666015625,-1.211669921875,-0.24609375,0,NaN
2225,278223992,NaN,NaN,NaN,NaN,-7.31542778015137,3.72028470039368,4.46856164932251,-28.5730590820312,49.2565841674805,-8.32837200164795,0.58740234375,-1.205810546875,-0.24560546875,0,NaN
2226,278240659,NaN,NaN,NaN,NaN,-7.32488346099854,3.65412831306458,4.46642303466797,-27.8405227661133,48.5054817199707,-7.85149478912354,0.597412109375,-1.20263671875,-0.244384765625,0,NaN
2227,278257326,NaN,NaN,NaN,NaN,-7.31782484054565,3.68505001068115,4.47512149810791,-30.0654182434082,47.9775085449219,-7.55148029327393,0.606689453125,-1.1943359375,-0.24267578125,0,NaN
2228,278273993,NaN,NaN,NaN,NaN,-7.48612689971924,3.50579500198364,4.26377058029175,-33.4895896911621,48.1798248291016,-7.03182172775269,0.617431640625,-1.18603515625,-0.24267578125,0,NaN
2229,278290660,NaN,NaN,NaN,NaN,-7.69456577301025,3.27665638923645,4.16737461090088,-31.4034404754639,48.313591003418,-6.29852533340454,0.625732421875,-1.1806640625,-0.2421875,0,NaN
2230,278307327,NaN,NaN,NaN,NaN,-7.6171555519104,3.21678352355957,4.23619842529297,-26.7104396820068,47.237434387207,-5.22640991210938,0.6357421875,-1.17578125,-0.243408203125,0,NaN
2231,278323994,NaN,NaN,NaN,NaN,-7.54138612747192,3.38987755775452,4.26633787155151,-30.496955871582,46.8899269104004,-4.39297246932983,0.644775390625,-1.16748046875,-0.240966796875,0,NaN
2232,278340661,NaN,NaN,NaN,NaN,-7.63203001022339,3.40330076217651,4.0235857963562,-39.5399017333984,47.8299407958984,-3.16948652267456,0.652099609375,-1.1591796875,-0.24267578125,0,NaN
2233,278357328,NaN,NaN,NaN,NaN,-7.8490834236145,3.14658308029175,3.83585333824158,-41.7060050964355,48.4423141479492,-1.35979795455933,0.661376953125,-1.156494140625,-0.24169921875,0,NaN
2234,278373995,NaN,NaN,NaN,NaN,-7.89853048324585,2.96772575378418,3.79798817634583,-36.966983795166,50.0777587890625,-1.17882776260376,0.66943359375,-1.147216796875,-0.24658203125,0,NaN
2235,278390662,NaN,NaN,NaN,NaN,-8.05552196502686,2.86499309539795,3.86027479171753,-30.3188209533691,50.9477424621582,-1.27714192867279,0.677734375,-1.139404296875,-0.240478515625,0,NaN
2236,278407329,NaN,NaN,NaN,NaN,-7.98766899108887,2.88268566131592,3.87490391731262,-27.8528423309326,49.3886070251465,-0.475556343793869,0.684814453125,-1.13720703125,-0.240478515625,0,NaN
2237,278423996,NaN,NaN,NaN,NaN,-7.94635772705078,3.02805733680725,3.86013841629028,-33.2932815551758,48.8495750427246,0.841432452201843,0.692626953125,-1.130615234375,-0.23828125,0,NaN
2238,278440663,NaN,NaN,NaN,NaN,-8.16794300079346,3.11331748962402,3.66975235939026,-40.2911758422852,48.7162818908691,2.83373308181763,0.69873046875,-1.12353515625,-0.236572265625,0,NaN
2239,278457330,NaN,NaN,NaN,NaN,-8.52857685089111,3.08351922035217,3.52993202209473,-41.3536720275879,48.7531814575195,4.40951442718506,0.7060546875,-1.120849609375,-0.237548828125,0,NaN
2240,278473997,NaN,NaN,NaN,NaN,-8.50925922393799,2.93939018249512,3.42974829673767,-40.9818115234375,48.6443367004395,3.5905864238739,0.71337890625,-1.11181640625,-0.23486328125,0,NaN
2241,278490664,NaN,NaN,NaN,NaN,-8.47027683258057,2.78625226020813,3.34934234619141,-40.0246849060059,46.9845733642578,2.71825456619263,0.72119140625,-1.108154296875,-0.236083984375,0,NaN
2242,278507331,NaN,NaN,NaN,NaN,-8.47019290924072,2.90699052810669,3.29596209526062,-42.6089897155762,44.8591804504395,2.31014943122864,0.7255859375,-1.1015625,-0.236572265625,0,NaN
2243,278523998,NaN,NaN,NaN,NaN,-8.49505233764648,2.92527604103088,3.38700604438782,-44.152889251709,43.6795845031738,2.32558131217957,0.73291015625,-1.09375,-0.236572265625,0,NaN
2244,278540665,NaN,NaN,NaN,NaN,-8.55524158477783,3.03834462165833,3.21737456321716,-49.6745147705078,42.2938995361328,2.48529529571533,0.739013671875,-1.087158203125,-0.239990234375,0,NaN
2245,278557332,NaN,NaN,NaN,NaN,-8.59350776672363,2.8423752784729,2.9851541519165,-50.0320053100586,41.0467910766602,2.80696892738342,0.74365234375,-1.08056640625,-0.240966796875,0,NaN
2246,278573999,NaN,NaN,NaN,NaN,-8.58999633789062,2.85805296897888,2.73261976242065,-50.3587303161621,40.5962753295898,2.41228437423706,0.752197265625,-1.069580078125,-0.244384765625,0,NaN
2247,278590666,NaN,NaN,NaN,NaN,-8.5861291885376,2.85367393493652,2.62467861175537,-49.6084594726562,39.9359016418457,1.98460900783539,0.75341796875,-1.062255859375,-0.247314453125,0,NaN
2248,278607333,NaN,NaN,NaN,NaN,-8.81021404266357,2.8453574180603,2.64491128921509,-51.3426094055176,38.5788421630859,2.47156572341919,0.76123046875,-1.053955078125,-0.24609375,0,NaN
2249,278624000,NaN,NaN,NaN,NaN,-8.9701099395752,2.71862864494324,2.60939717292786,-50.010612487793,36.5555877685547,3.13427472114563,0.766357421875,-1.045166015625,-0.24951171875,0,NaN
2250,278640667,NaN,NaN,NaN,NaN,-9.01977252960205,2.52709579467773,2.47505784034729,-43.8152503967285,33.0068511962891,4.21124601364136,0.771240234375,-1.03857421875,-0.2529296875,0,NaN
2251,278657334,NaN,NaN,NaN,NaN,-8.86597728729248,2.69498634338379,2.39578127861023,-39.2474060058594,30.1753902435303,4.29923105239868,0.77685546875,-1.03125,-0.251708984375,0,NaN
2252,278674001,NaN,NaN,NaN,NaN,-8.8385534286499,2.86794257164001,2.4165244102478,-40.7204246520996,29.3170166015625,4.01501274108887,0.781005859375,-1.02587890625,-0.254638671875,0,NaN
2253,278690668,NaN,NaN,NaN,NaN,-8.86358451843262,2.71349763870239,2.3969943523407,-43.3058929443359,28.1358814239502,4.57534790039062,0.78369140625,-1.021484375,-0.2578125,0,NaN
2254,278707335,NaN,NaN,NaN,NaN,-8.77028656005859,2.70201206207275,2.22757601737976,-45.1296463012695,26.724853515625,4.31467437744141,0.785400390625,-1.01416015625,-0.259033203125,0,NaN
2255,278724002,NaN,NaN,NaN,NaN,-8.6636848449707,2.60021662712097,2.18049597740173,-47.746940612793,26.4983005523682,3.07882618904114,0.791748046875,-1.007568359375,-0.262939453125,0,NaN
2256,278740669,NaN,NaN,NaN,NaN,-8.76275634765625,2.70257806777954,2.17907071113586,-51.282527923584,26.5510711669922,2.54651498794556,0.79248046875,-0.998779296875,-0.265869140625,0,NaN
2257,278757336,NaN,NaN,NaN,NaN,-8.86126708984375,2.62583661079407,2.27817058563232,-50.6796455383301,27.0045852661133,2.36275410652161,0.80029296875,-0.987060546875,-0.26806640625,0,NaN
2258,278774003,NaN,NaN,NaN,NaN,-8.80647277832031,2.59677696228027,2.17965531349182,-51.1314849853516,27.3572807312012,2.19204425811768,0.80322265625,-0.98388671875,-0.27197265625,0,NaN
2259,278790670,NaN,NaN,NaN,NaN,-8.82177066802979,2.49887108802795,2.10641360282898,-47.0488014221191,27.3454742431641,2.5984160900116,0.804931640625,-0.974365234375,-0.274658203125,0,NaN
2260,278807337,NaN,NaN,NaN,NaN,-8.8741397857666,2.55264902114868,2.09806442260742,-46.4993324279785,28.3529624938965,3.04036831855774,0.811767578125,-0.966552734375,-0.274658203125,0,NaN
2261,278824004,NaN,NaN,NaN,NaN,-8.9911527633667,2.47250413894653,2.05253720283508,-45.570728302002,28.2813205718994,4.45574569702148,0.81689453125,-0.958251953125,-0.27978515625,0,NaN
2262,278840671,NaN,NaN,NaN,NaN,-9.06726741790771,2.29452061653137,2.04050946235657,-41.0640144348145,27.2536888122559,6.07323360443115,0.8212890625,-0.953857421875,-0.277587890625,0,NaN
2263,278857338,NaN,NaN,NaN,NaN,-9.09940910339355,2.35998964309692,1.93756866455078,-35.5042190551758,26.5719509124756,6.55222177505493,0.82177734375,-0.945556640625,-0.279296875,0,NaN
2264,278874005,NaN,NaN,NaN,NaN,-9.11273384094238,2.44652605056763,1.9016969203949,-31.7516822814941,26.6612300872803,6.81891107559204,0.825927734375,-0.9423828125,-0.281005859375,0,NaN
2265,278890672,NaN,NaN,NaN,NaN,-9.07430553436279,2.48536062240601,1.99744403362274,-30.9922904968262,26.4709987640381,7.4640212059021,0.827880859375,-0.939453125,-0.2763671875,0,NaN
2266,278907339,NaN,NaN,NaN,NaN,-9.17173194885254,2.39079070091248,2.00355625152588,-27.3696670532227,25.4598827362061,8.64628887176514,0.831298828125,-0.9345703125,-0.2763671875,0,NaN
2267,278924006,NaN,NaN,NaN,NaN,-9.15139293670654,2.47674298286438,1.92140734195709,-22.1810092926025,24.8117179870605,8.54017353057861,0.8369140625,-0.93115234375,-0.275390625,0,NaN
2268,278940673,NaN,NaN,NaN,NaN,-9.16269683837891,2.73627662658691,1.98457074165344,-25.8423252105713,25.0744457244873,7.09915113449097,0.8369140625,-0.9306640625,-0.274169921875,0,NaN
2269,278957340,NaN,NaN,NaN,NaN,-9.22589683532715,2.78168845176697,2.22510743141174,-36.275089263916,25.419527053833,5.9071626663208,0.842529296875,-0.92724609375,-0.274658203125,0,NaN
2270,278974007,NaN,NaN,NaN,NaN,-9.25132751464844,2.57024884223938,2.33721613883972,-43.6292724609375,24.773681640625,5.10221004486084,0.845947265625,-0.92138671875,-0.275390625,0,NaN
2271,278990674,NaN,NaN,NaN,NaN,-9.17201614379883,2.54261755943298,2.13078856468201,-47.5575561523438,23.9477310180664,3.15922999382019,0.84716796875,-0.912353515625,-0.27880859375,0,NaN
2272,279007341,NaN,NaN,NaN,NaN,-9.17348003387451,2.54194569587708,1.92078912258148,-49.8932113647461,24.3621387481689,1.19798290729523,0.848876953125,-0.900634765625,-0.27978515625,0,NaN
2273,279024008,NaN,NaN,NaN,NaN,-9.26274585723877,2.41303467750549,2.0012481212616,-51.6600074768066,24.5390892028809,1.37874126434326,0.85498046875,-0.892822265625,-0.281494140625,0,NaN
2274,279040675,NaN,NaN,NaN,NaN,-9.26967620849609,2.34316086769104,2.03115034103394,-52.9306488037109,24.2202453613281,2.16309499740601,0.857421875,-0.88671875,-0.283203125,0,NaN
2275,279057342,NaN,NaN,NaN,NaN,-9.15459632873535,2.28839087486267,1.81275606155396,-50.8544387817383,23.5181350708008,2.2392406463623,0.864013671875,-0.876953125,-0.28662109375,0,NaN
2276,279074009,NaN,NaN,NaN,NaN,-9.05532073974609,2.2414813041687,1.67316246032715,-48.709342956543,23.0264759063721,3.02236819267273,0.865966796875,-0.86962890625,-0.287109375,0,NaN
2277,279090676,NaN,NaN,NaN,NaN,-9.03895473480225,2.20174479484558,1.64785313606262,-44.8551750183105,23.6171207427979,4.36327791213989,0.8720703125,-0.862060546875,-0.2900390625,0,NaN
2278,279107343,NaN,NaN,NaN,NaN,-9.13702964782715,2.15306305885315,1.50553810596466,-37.6450843811035,24.4086437225342,6.53318119049072,0.8720703125,-0.854736328125,-0.287841796875,0,NaN
2279,279124010,NaN,NaN,NaN,NaN,-9.37642574310303,2.09106945991516,1.39001178741455,-26.561824798584,24.7343940734863,8.8053560256958,0.87646484375,-0.851806640625,-0.283203125,0,NaN
2280,279140677,NaN,NaN,NaN,NaN,-9.31349563598633,2.34524178504944,1.32748568058014,-13.9481792449951,25.9074230194092,10.634467124939,0.878662109375,-0.849609375,-0.2822265625,0,NaN
2281,279157344,NaN,NaN,NaN,NaN,-9.33289623260498,2.60828924179077,1.33572888374329,-7.78443670272827,27.9146709442139,11.7052240371704,0.8818359375,-0.851806640625,-0.277099609375,0,NaN
2282,279174011,NaN,NaN,NaN,NaN,-9.29862117767334,2.54529571533203,1.30314099788666,-5.04045677185059,29.1287288665771,12.8632373809814,0.8857421875,-0.851806640625,-0.269287109375,0,NaN
2283,279190678,NaN,NaN,NaN,NaN,-9.42269039154053,2.48218703269958,1.26990067958832,1.12143039703369,28.7289066314697,14.0730619430542,0.88720703125,-0.854736328125,-0.262451171875,0,NaN
2284,279207345,NaN,NaN,NaN,NaN,-9.67111587524414,2.57930278778076,1.19099807739258,7.07635068893433,25.8605995178223,14.7091264724731,0.888671875,-0.858642578125,-0.26025390625,0,NaN
2285,279224012,NaN,NaN,NaN,NaN,-9.87806224822998,2.61696434020996,1.03817582130432,11.6897783279419,20.1888885498047,15.5644149780273,0.891357421875,-0.865234375,-0.251708984375,0,NaN
2286,279240679,NaN,NaN,NaN,NaN,-9.85417652130127,2.52080512046814,0.87576949596405,21.5763912200928,12.9278526306152,16.4540786743164,0.892333984375,-0.8701171875,-0.24267578125,0,NaN
2287,279257346,NaN,NaN,NaN,NaN,-9.59913349151611,2.69113826751709,0.907891988754272,34.2617874145508,9.65912342071533,15.0546846389771,0.889404296875,-0.87890625,-0.236572265625,0,NaN
2288,279274013,NaN,NaN,NaN,NaN,-9.36478996276855,3.02274608612061,0.794750154018402,37.5912818908691,9.27038478851318,13.1470184326172,0.887939453125,-0.89111328125,-0.23095703125,0,NaN
2289,279290680,NaN,NaN,NaN,NaN,-9.18110370635986,3.15465760231018,0.712975382804871,32.6337699890137,8.90591526031494,11.9643669128418,0.888916015625,-0.897216796875,-0.220947265625,0,NaN
2290,279307347,NaN,NaN,NaN,NaN,-8.94234275817871,3.1605007648468,0.616584122180939,26.1371097564697,9.25549602508545,10.294620513916,0.889892578125,-0.901123046875,-0.217041015625,0,NaN
2291,279324014,NaN,NaN,NaN,NaN,-8.88782215118408,2.9950053691864,0.591638207435608,22.8344211578369,11.5802488327026,7.86523199081421,0.887451171875,-0.906005859375,-0.207275390625,0,NaN
2292,279340681,NaN,NaN,NaN,NaN,-8.89936447143555,2.90468955039978,0.498156815767288,22.7136936187744,13.3850002288818,5.72048282623291,0.888427734375,-0.91162109375,-0.202392578125,0,NaN
2293,279357348,NaN,NaN,NaN,NaN,-8.91782379150391,3.07237911224365,0.40471887588501,22.5950012207031,15.5780515670776,3.93715000152588,0.89111328125,-0.917724609375,-0.198486328125,0,NaN
2294,279374015,NaN,NaN,NaN,NaN,-8.93249225616455,3.1962411403656,0.431770175695419,18.6966209411621,19.0589122772217,2.49410057067871,0.892578125,-0.91943359375,-0.187744140625,0,NaN
2295,279390682,NaN,NaN,NaN,NaN,-8.97432041168213,3.09110236167908,0.331411808729172,11.970742225647,21.9383716583252,1.59534823894501,0.895263671875,-0.921630859375,-0.18212890625,0,NaN
2296,279407349,NaN,NaN,NaN,NaN,-9.08761501312256,2.96642398834229,0.212806165218353,8.86486339569092,23.845853805542,0.851451218128204,0.89892578125,-0.921630859375,-0.176513671875,0,NaN
2297,279424016,NaN,NaN,NaN,NaN,-9.25085830688477,2.9019148349762,0.130720764398575,9.42442512512207,23.4487934112549,0.643334805965424,0.900634765625,-0.922607421875,-0.169189453125,0,NaN
2298,279440683,NaN,NaN,NaN,NaN,-9.13346385955811,2.76269817352295,0.0323093980550766,13.6783256530762,21.3639087677002,0.881488621234894,0.904296875,-0.9248046875,-0.1591796875,0,NaN
2299,279457350,NaN,NaN,NaN,NaN,-9.01893043518066,2.9433867931366,-0.0861739069223404,13.7434968948364,20.3309440612793,0.0901312828063965,0.9052734375,-0.9248046875,-0.15283203125,0,NaN
2300,279474017,NaN,NaN,NaN,NaN,-8.94954586029053,2.86013555526733,-0.290058016777039,9.17399787902832,19.5044364929199,-0.206496343016624,0.9072265625,-0.92529296875,-0.146240234375,0,NaN
2301,279490684,NaN,NaN,NaN,NaN,-8.76795959472656,2.88014984130859,-0.342814654111862,1.92963111400604,18.9490985870361,-0.380720406770706,0.9111328125,-0.927001953125,-0.1416015625,0,NaN
2302,279507351,NaN,NaN,NaN,NaN,-8.70783996582031,2.88312578201294,-0.516766846179962,-6.74563312530518,19.5340404510498,-0.9915651679039,0.914794921875,-0.92431640625,-0.135986328125,0,NaN
2303,279524018,NaN,NaN,NaN,NaN,-8.87522411346436,2.66514706611633,-0.738155245780945,-12.6773672103882,19.1426944732666,-0.982716083526611,0.914794921875,-0.92138671875,-0.135498046875,0,NaN
2304,279540685,NaN,NaN,NaN,NaN,-8.99163246154785,2.5511269569397,-0.884738206863403,-11.9495887756348,19.0603847503662,-0.845694482326508,0.917724609375,-0.922119140625,-0.1337890625,0,NaN
2305,279557352,NaN,NaN,NaN,NaN,-9.11349201202393,2.50444602966309,-0.905899584293365,-6.1109619140625,18.6703777313232,-0.16038054227829,0.922119140625,-0.92041015625,-0.128662109375,0,NaN
2306,279574019,NaN,NaN,NaN,NaN,-9.04578590393066,2.54448485374451,-0.787177443504333,-1.3673290014267,17.8463191986084,0.705412924289703,0.9208984375,-0.919189453125,-0.1259765625,0,NaN
2307,279590686,NaN,NaN,NaN,NaN,-9.069411277771,2.63807702064514,-0.663285911083221,-3.97063279151917,17.9642562866211,1.27331125736237,0.92626953125,-0.92041015625,-0.119873046875,0,NaN
2308,279607353,NaN,NaN,NaN,NaN,-9.09988403320312,2.55803871154785,-0.782285928726196,-6.31382465362549,15.8358602523804,2.49742007255554,0.9267578125,-0.91748046875,-0.1181640625,0,NaN
2309,279624020,NaN,NaN,NaN,NaN,-9.23803329467773,2.56749796867371,-0.728003203868866,-4.28538513183594,12.904993057251,3.53077697753906,0.928955078125,-0.919189453125,-0.115966796875,0,NaN
2310,279640687,NaN,NaN,NaN,NaN,-9.37230396270752,2.56739783287048,-0.72497284412384,-1.15213024616241,10.7880992889404,4.07626295089722,0.929931640625,-0.91796875,-0.1103515625,0,NaN
2311,279657354,NaN,NaN,NaN,NaN,-9.50761318206787,2.59614133834839,-0.733359038829803,3.93760204315186,8.72456550598145,4.39291858673096,0.929931640625,-0.920166015625,-0.108642578125,0,NaN
2312,279674021,NaN,NaN,NaN,NaN,-9.46552753448486,2.81466579437256,-0.699720799922943,5.87813520431519,7.40065670013428,4.21447467803955,0.930908203125,-0.922607421875,-0.106201171875,0,NaN
2313,279690688,NaN,NaN,NaN,NaN,-9.34226989746094,2.96276450157166,-0.536632716655731,2.86561346054077,7.18697595596313,3.81469178199768,0.931640625,-0.923095703125,-0.106201171875,0,NaN
2314,279707355,NaN,NaN,NaN,NaN,-9.23315238952637,2.97111392021179,-0.409288197755814,-3.2877299785614,7.39053297042847,2.66309380531311,0.93212890625,-0.923095703125,-0.10302734375,0,NaN
2315,279724022,NaN,NaN,NaN,NaN,-9.31054878234863,2.79525446891785,-0.400345414876938,-7.40930128097534,6.19926118850708,1.85118401050568,0.931396484375,-0.924072265625,-0.101806640625,0,NaN
2316,279740689,NaN,NaN,NaN,NaN,-9.46430683135986,2.68655490875244,-0.336685359477997,-6.13965368270874,3.88953280448914,1.56268239021301,0.93212890625,-0.9208984375,-0.10302734375,0,NaN
2317,279757356,NaN,NaN,NaN,NaN,-9.50242900848389,2.75159883499146,-0.295613318681717,-2.25829076766968,1.40197515487671,1.20523118972778,0.930908203125,-0.923583984375,-0.102294921875,0,NaN
2318,279774023,NaN,NaN,NaN,NaN,-9.39419841766357,2.87125277519226,-0.356994092464447,-1.05263721942902,-0.806857705116272,1.14700067043304,0.93212890625,-0.923583984375,-0.10302734375,0,NaN
2319,279790690,NaN,NaN,NaN,NaN,-9.39725399017334,2.88751816749573,-0.381814986467361,-5.17148685455322,-1.27351498603821,1.17664134502411,0.929931640625,-0.92138671875,-0.102294921875,0,NaN
2320,279807357,NaN,NaN,NaN,NaN,-9.32665348052979,2.87346744537354,-0.46327131986618,-6.87447643280029,-1.03284525871277,0.84659606218338,0.933837890625,-0.921875,-0.106201171875,0,NaN
2321,279824024,NaN,NaN,NaN,NaN,-9.29515075683594,2.82046890258789,-0.411073386669159,-5.8644962310791,-0.719505727291107,0.78846150636673,0.931640625,-0.91845703125,-0.105224609375,0,NaN
2322,279840691,NaN,NaN,NaN,NaN,-9.39618301391602,2.72947406768799,-0.36384192109108,-5.24192762374878,-0.282271206378937,0.864479899406433,0.933837890625,-0.919189453125,-0.107421875,0,NaN
2323,279857358,NaN,NaN,NaN,NaN,-9.31339740753174,2.7601375579834,-0.399903774261475,-1.64052557945251,0.168570011854172,0.764756858348846,0.928955078125,-0.920166015625,-0.109619140625,0,NaN
2324,279874025,NaN,NaN,NaN,NaN,-9.18506717681885,2.8086564540863,-0.373428076505661,-0.194125041365623,-0.210824519395828,0.924234211444855,0.931640625,-0.919189453125,-0.104736328125,0,NaN
2325,279890692,NaN,NaN,NaN,NaN,-9.12089920043945,2.77604484558105,-0.32138991355896,-2.20917201042175,-0.661768078804016,1.507608294487,0.930908203125,-0.91748046875,-0.104736328125,0,NaN
2326,279907359,NaN,NaN,NaN,NaN,-9.25809001922607,2.81386399269104,-0.425217360258102,-4.05644989013672,-0.438130855560303,1.91825699806213,0.933837890625,-0.9169921875,-0.107421875,0,NaN
2327,279924026,NaN,NaN,NaN,NaN,-9.33771228790283,2.77307057380676,-0.541175723075867,-1.63702297210693,-0.52171790599823,2.11407876014709,0.933349609375,-0.91796875,-0.109619140625,0,NaN
2328,279940693,NaN,NaN,NaN,NaN,-9.33015727996826,2.82703113555908,-0.515545547008514,1.26204025745392,-0.257285982370377,2.27294778823853,0.929443359375,-0.916748046875,-0.104736328125,0,NaN
2329,279957360,NaN,NaN,NaN,NaN,-9.16340351104736,2.87156462669373,-0.531298696994781,0.696069955825806,-0.159682393074036,2.08672451972961,0.93212890625,-0.919189453125,-0.1103515625,0,NaN
2330,279974027,NaN,NaN,NaN,NaN,-9.13119029998779,2.91965508460999,-0.520217955112457,-2.38588738441467,-0.0721509829163551,2.00485324859619,0.93212890625,-0.920166015625,-0.10693359375,0,NaN
2331,279990694,NaN,NaN,NaN,NaN,-9.11891174316406,2.8706111907959,-0.581014811992645,-4.93996047973633,-0.0896828696131706,1.62524771690369,0.929443359375,-0.919677734375,-0.109130859375,0,NaN
2332,280007361,NaN,NaN,NaN,NaN,-9.22339057922363,2.78922772407532,-0.651901125907898,-2.35830211639404,-0.496066719293594,1.64835023880005,0.93115234375,-0.919189453125,-0.108642578125,0,NaN
2333,280024028,NaN,NaN,NaN,NaN,-9.3093204498291,2.81133985519409,-0.598632097244263,1.63660657405853,-1.33045172691345,1.48704135417938,0.93115234375,-0.918701171875,-0.111328125,0,NaN
2334,280040695,NaN,NaN,NaN,NaN,-9.34250259399414,2.92265772819519,-0.539142072200775,2.01959347724915,-1.56209313869476,1.36260199546814,0.929931640625,-0.92041015625,-0.11083984375,0,NaN
2335,280057362,NaN,NaN,NaN,NaN,-9.33005046844482,2.92619109153748,-0.443702816963196,-0.290371179580688,-1.6275589466095,1.21910679340363,0.927734375,-0.920166015625,-0.109619140625,0,NaN
2336,280074029,NaN,NaN,NaN,NaN,-9.26980400085449,2.872882604599,-0.395208567380905,-4.46179628372192,-2.3550238609314,0.821431338787079,0.931640625,-0.919677734375,-0.109619140625,0,NaN
2337,280090696,NaN,NaN,NaN,NaN,-9.21124458312988,2.84757208824158,-0.348544836044312,-9.2491512298584,-3.34717702865601,0.0337703488767147,0.92724609375,-0.91796875,-0.111328125,0,NaN
2338,280107363,NaN,NaN,NaN,NaN,-9.24644184112549,2.83408236503601,-0.338660508394241,-12.4138879776001,-3.29556846618652,-1.02968883514404,0.928955078125,-0.915771484375,-0.115234375,0,NaN
2339,280124030,NaN,NaN,NaN,NaN,-9.22653388977051,2.75746488571167,-0.350814163684845,-13.2879219055176,-3.18969869613647,-1.97484934329987,0.928466796875,-0.915283203125,-0.120361328125,0,NaN
2340,280140697,NaN,NaN,NaN,NaN,-9.22874641418457,2.77650213241577,-0.260147631168365,-16.136251449585,-2.80796766281128,-2.54355454444885,0.9296875,-0.91259765625,-0.119873046875,0,NaN
2341,280157364,NaN,NaN,NaN,NaN,-9.07934474945068,2.87988471984863,-0.12357971072197,-20.6153659820557,-1.25812971591949,-2.96105670928955,0.93310546875,-0.9052734375,-0.123779296875,0,NaN
2342,280174031,NaN,NaN,NaN,NaN,-8.93491172790527,2.98381853103638,-0.0960901081562042,-29.0214748382568,0.848320782184601,-4.00514078140259,0.931640625,-0.90380859375,-0.1298828125,0,NaN
2343,280190698,NaN,NaN,NaN,NaN,-8.89277172088623,2.80973505973816,-0.0923397317528725,-40.4435157775879,4.5163779258728,-5.42804765701294,0.932861328125,-0.897705078125,-0.13037109375,0,NaN
2344,280207365,NaN,NaN,NaN,NaN,-8.97144222259521,2.6790874004364,-0.0755574703216553,-46.896354675293,7.30628681182861,-6.40711259841919,0.935302734375,-0.888671875,-0.14013671875,0,NaN
2345,280224032,NaN,NaN,NaN,NaN,-9.18621635437012,2.47321224212646,-0.0493095144629478,-46.1001663208008,7.04946231842041,-5.86439943313599,0.9375,-0.8828125,-0.14404296875,0,NaN
2346,280240699,NaN,NaN,NaN,NaN,-9.27584075927734,2.56778526306152,-0.0511575415730476,-42.9536285400391,6.84422063827515,-5.48683452606201,0.939453125,-0.87451171875,-0.150146484375,0,NaN
2347,280257366,NaN,NaN,NaN,NaN,-9.21542453765869,2.98176240921021,-0.278207659721375,-49.0603485107422,7.47358274459839,-6.47970533370972,0.93994140625,-0.8671875,-0.154052734375,0,NaN
2348,280274033,NaN,NaN,NaN,NaN,-8.87927913665771,3.7278196811676,-0.359647989273071,-71.8459167480469,9.2095775604248,-11.0417461395264,0.944091796875,-0.853759765625,-0.15869140625,0,NaN
2349,280290700,NaN,NaN,NaN,NaN,-8.68930435180664,3.43000364303589,-0.182268634438515,-105.252624511719,13.7111024856567,-18.7337055206299,0.947265625,-0.83935546875,-0.168212890625,0,NaN
2350,280307367,NaN,NaN,NaN,NaN,-8.67741966247559,2.46550226211548,-0.169017463922501,-128.577514648438,15.0996122360229,-25.5404682159424,0.953125,-0.816650390625,-0.183349609375,0,NaN
2351,280324034,NaN,NaN,NaN,NaN,-8.58955097198486,1.81588757038116,-0.299860060214996,-136.426361083984,12.606315612793,-29.4458026885986,0.962890625,-0.78857421875,-0.195556640625,0,NaN
2352,280340701,NaN,NaN,NaN,NaN,-9.2071008682251,1.35733163356781,-0.118839636445045,-127.464775085449,11.0776405334473,-29.8623600006104,0.965576171875,-0.76123046875,-0.209228515625,0,NaN
2353,280357368,NaN,NaN,NaN,NaN,-9.20113658905029,1.3961044549942,-0.12386691570282,-108.503211975098,8.64354228973389,-26.9671497344971,0.97265625,-0.7373046875,-0.216552734375,0,NaN
2354,280374035,NaN,NaN,NaN,NaN,-8.9562349319458,1.62677347660065,-0.398472934961319,-95.1053619384766,7.22539615631104,-23.1735610961914,0.973876953125,-0.716796875,-0.224853515625,0,NaN
2355,280390702,NaN,NaN,NaN,NaN,-8.60989570617676,1.5422865152359,-0.436454296112061,-90.2821731567383,8.30498886108398,-18.443998336792,0.978271484375,-0.697265625,-0.2333984375,0,NaN
2356,280407369,NaN,NaN,NaN,NaN,-8.62402820587158,1.50949001312256,-0.324584782123566,-90.0851898193359,11.2252635955811,-11.5577840805054,0.97900390625,-0.678466796875,-0.24072265625,0,NaN
2357,280424036,NaN,NaN,NaN,NaN,-9.05964279174805,1.25857853889465,-0.292256861925125,-83.2921752929688,14.3672180175781,-5.20750713348389,0.984130859375,-0.662353515625,-0.2451171875,0,NaN
2358,280440703,NaN,NaN,NaN,NaN,-9.28378200531006,1.23541915416718,-0.281471073627472,-72.5888137817383,14.9683275222778,-1.3471964597702,0.987060546875,-0.65234375,-0.245849609375,0,NaN
2359,280457370,NaN,NaN,NaN,NaN,-9.29060554504395,1.44886958599091,-0.0564027652144432,-62.268238067627,15.5432910919189,-0.116904467344284,0.988037109375,-0.640625,-0.24365234375,0,NaN
2360,280474037,NaN,NaN,NaN,NaN,-9.34801769256592,1.59417164325714,-0.0146861635148525,-58.683406829834,12.1014757156372,1.97281777858734,0.993896484375,-0.62890625,-0.245849609375,0,NaN
2361,280490704,NaN,NaN,NaN,NaN,-9.63765430450439,1.69899451732635,0.0523200780153275,-54.7861328125,6.84768152236938,4.86021614074707,0.994873046875,-0.622802734375,-0.2470703125,0,NaN
2362,280507371,NaN,NaN,NaN,NaN,-9.7416524887085,1.8986839056015,0.176731318235397,-49.612117767334,3.2499475479126,6.34155607223511,0.992431640625,-0.615478515625,-0.2509765625,0,NaN
2363,280524038,NaN,NaN,NaN,NaN,-9.59865379333496,2.09807229042053,0.0895449444651604,-45.8745307922363,0.472096800804138,6.21708106994629,0.993408203125,-0.607666015625,-0.250244140625,0,NaN
2364,280540705,NaN,NaN,NaN,NaN,-9.42496204376221,2.32055568695068,0.120570875704288,-49.8851737976074,-1.95675706863403,4.29024171829224,0.9931640625,-0.60205078125,-0.257568359375,0,NaN
2365,280557372,NaN,NaN,NaN,NaN,-9.12938976287842,2.54937934875488,0.369312435388565,-60.5288581848145,-2.52414488792419,0.256322383880615,0.994384765625,-0.594970703125,-0.26611328125,0,NaN
2366,280574039,NaN,NaN,NaN,NaN,-9.06499290466309,2.41289234161377,0.651073694229126,-73.7428741455078,-0.981094062328339,-4.27917623519897,0.992919921875,-0.579345703125,-0.264404296875,0,NaN
2367,280590706,NaN,NaN,NaN,NaN,-9.22479057312012,2.03181195259094,0.653614461421967,-79.6706924438477,-0.340598970651627,-7.53880071640015,0.991943359375,-0.564697265625,-0.268310546875,0,NaN
2368,280607373,NaN,NaN,NaN,NaN,-8.99630737304688,1.994748711586,0.556739747524261,-79.890510559082,0.40479239821434,-11.6053485870361,0.994384765625,-0.546875,-0.2724609375,0,NaN
2369,280624040,NaN,NaN,NaN,NaN,-8.66727638244629,2.05110216140747,0.670643270015717,-81.6757659912109,3.48290014266968,-15.5207462310791,0.997802734375,-0.529052734375,-0.275634765625,0,NaN
2370,280640707,NaN,NaN,NaN,NaN,-8.52050018310547,1.99938654899597,0.849536001682281,-89.0644226074219,6.36024761199951,-17.5575313568115,0.99560546875,-0.51171875,-0.278076171875,0,NaN
2371,280657374,NaN,NaN,NaN,NaN,-8.83315563201904,1.81993937492371,0.839015901088715,-94.4111022949219,8.04051113128662,-16.8907623291016,0.99755859375,-0.489501953125,-0.283203125,0,NaN
2372,280674041,NaN,NaN,NaN,NaN,-9.05825042724609,1.59539794921875,0.689934253692627,-96.0012283325195,9.57838344573975,-15.7756299972534,1.003173828125,-0.469482421875,-0.278076171875,0,NaN
2373,280690708,NaN,NaN,NaN,NaN,-8.85965442657471,1.49342203140259,0.522329032421112,-93.1143493652344,9.61084175109863,-15.4247579574585,1.002685546875,-0.44921875,-0.278564453125,0,NaN
2374,280707375,NaN,NaN,NaN,NaN,-8.8662281036377,1.35321044921875,0.691085040569305,-89.8101577758789,11.2073173522949,-15.4758205413818,1.0078125,-0.4287109375,-0.281005859375,0,NaN
2375,280724042,NaN,NaN,NaN,NaN,-9.34481525421143,1.33996164798737,0.802352428436279,-90.940315246582,10.8916473388672,-13.0331192016602,1.008544921875,-0.40673828125,-0.275390625,0,NaN
2376,280740709,NaN,NaN,NaN,NaN,-9.72307682037354,1.18944096565247,0.701504051685333,-89.010139465332,7.79521465301514,-9.91826725006104,1.009765625,-0.388916015625,-0.274169921875,0,NaN
2377,280757376,NaN,NaN,NaN,NaN,-9.79986953735352,1.06665790081024,0.556306540966034,-78.8053894042969,4.71979570388794,-7.30854749679565,1.012451171875,-0.373779296875,-0.271484375,0,NaN
2378,280774043,NaN,NaN,NaN,NaN,-9.57752227783203,1.17558443546295,0.559107720851898,-68.7719955444336,1.16610193252563,-6.21294498443604,1.01318359375,-0.36083984375,-0.27099609375,0,NaN
2379,280790710,NaN,NaN,NaN,NaN,-9.58237838745117,1.47448742389679,0.773686349391937,-67.0329742431641,-0.709771275520325,-6.18160152435303,1.01318359375,-0.349609375,-0.269775390625,0,NaN
2380,280807377,NaN,NaN,NaN,NaN,-9.84559059143066,1.35836637020111,0.958852112293243,-72.4776382446289,-4.12112808227539,-4.86166906356812,1.01220703125,-0.3330078125,-0.269775390625,0,NaN
2381,280824044,NaN,NaN,NaN,NaN,-9.59202003479004,1.23106837272644,0.887677133083344,-72.8461837768555,-8.1865816116333,-4.40907335281372,1.01123046875,-0.3173828125,-0.27490234375,0,NaN
2382,280840711,NaN,NaN,NaN,NaN,-9.80106544494629,1.232337474823,0.896430313587189,-68.2536392211914,-10.068564414978,-3.91572880744934,1.005126953125,-0.305419921875,-0.2705078125,0,NaN
2383,280857378,NaN,NaN,NaN,NaN,-9.75376605987549,1.21381008625031,0.861340880393982,-64.9080505371094,-11.9451084136963,-3.74647235870361,1.009033203125,-0.29248046875,-0.27099609375,0,NaN
2384,280874045,NaN,NaN,NaN,NaN,-9.56860733032227,1.1012419462204,0.862697601318359,-57.4424171447754,-11.4040575027466,-2.95346808433533,1.005859375,-0.28369140625,-0.275146484375,0,NaN
2385,280890712,NaN,NaN,NaN,NaN,-9.1571102142334,1.42201149463654,1.08845937252045,-53.3966178894043,-15.8861904144287,1.08616960048676,1.002197265625,-0.2724609375,-0.280029296875,0,NaN
2386,280907379,NaN,NaN,NaN,NaN,-9.10774707794189,1.52371382713318,1.15140056610107,-52.1232643127441,-18.2528476715088,3.30698084831238,0.998779296875,-0.26220703125,-0.27783203125,0,NaN
2387,280924046,NaN,NaN,NaN,NaN,-9.19176483154297,1.70574998855591,1.22470331192017,-52.6424217224121,-18.7265167236328,4.21904706954956,0.99853515625,-0.256103515625,-0.28173828125,0,NaN
2388,280940713,NaN,NaN,NaN,NaN,-9.5664701461792,1.55768835544586,1.25186896324158,-52.8674697875977,-19.050085067749,5.35840320587158,0.996337890625,-0.24609375,-0.28515625,0,NaN
2389,280957380,NaN,NaN,NaN,NaN,-9.60509872436523,1.47909832000732,1.23744094371796,-48.2500915527344,-20.1276473999023,5.76310634613037,0.991455078125,-0.240478515625,-0.286865234375,0,NaN
2390,280974047,NaN,NaN,NaN,NaN,-9.54693031311035,1.58305597305298,1.40238726139069,-39.375545501709,-20.2139072418213,4.75693893432617,0.98828125,-0.233642578125,-0.2919921875,0,NaN
2391,280990714,NaN,NaN,NaN,NaN,-9.54127597808838,1.7014023065567,1.58568167686462,-33.6534233093262,-20.653356552124,4.70744848251343,0.98486328125,-0.22705078125,-0.294189453125,0,NaN
2392,281007381,NaN,NaN,NaN,NaN,-9.35130023956299,1.85860049724579,1.7516233921051,-32.0346183776855,-21.7702369689941,5.0577278137207,0.9794921875,-0.22021484375,-0.29931640625,0,NaN
2393,281024048,NaN,NaN,NaN,NaN,-9.46034049987793,2.04411196708679,1.9034343957901,-35.2372932434082,-21.3331031799316,4.64309787750244,0.978515625,-0.217529296875,-0.300537109375,0,NaN
2394,281040715,NaN,NaN,NaN,NaN,-9.84360694885254,1.76638686656952,1.90724849700928,-37.3487548828125,-21.265832901001,5.34430408477783,0.975830078125,-0.21142578125,-0.305419921875,0,NaN
2395,281057382,NaN,NaN,NaN,NaN,-9.60519504547119,1.59171330928802,1.92476427555084,-32.9588203430176,-22.3941497802734,4.61889266967773,0.971923828125,-0.206787109375,-0.306640625,0,NaN
2396,281074049,NaN,NaN,NaN,NaN,-9.47594356536865,1.86544144153595,2.08786964416504,-26.2005863189697,-21.981876373291,1.67640924453735,0.96826171875,-0.20166015625,-0.312255859375,0,NaN
2397,281090716,NaN,NaN,NaN,NaN,-9.69239616394043,1.89162063598633,2.37527799606323,-29.5785617828369,-21.3518409729004,-2.07675814628601,0.9638671875,-0.195556640625,-0.31689453125,0,NaN
2398,281107383,NaN,NaN,NaN,NaN,-9.67351913452148,1.5963100194931,2.4419960975647,-34.8003196716309,-21.8626899719238,-4.59190464019775,0.9619140625,-0.18896484375,-0.323486328125,0,NaN
2399,281124050,NaN,NaN,NaN,NaN,-9.57806301116943,1.40821397304535,2.46549558639526,-36.7467460632324,-21.6590270996094,-6.46557760238647,0.95849609375,-0.180419921875,-0.3212890625,0,NaN
2400,281140717,NaN,NaN,NaN,NaN,-9.71171569824219,1.45554316043854,2.5880708694458,-36.8115463256836,-20.6220245361328,-8.42307949066162,0.95263671875,-0.169677734375,-0.3251953125,0,NaN
2401,281157384,NaN,NaN,NaN,NaN,-9.59878158569336,1.28484344482422,2.70784401893616,-33.3527526855469,-19.6776599884033,-8.57759284973145,0.947021484375,-0.162353515625,-0.328125,0,NaN
2402,281174051,NaN,NaN,NaN,NaN,-9.22239017486572,1.16883361339569,2.73797941207886,-31.8096008300781,-19.0124607086182,-8.20836639404297,0.946533203125,-0.153564453125,-0.329345703125,0,NaN
2403,281190718,NaN,NaN,NaN,NaN,-9.04770565032959,1.23885583877563,2.75611782073975,-35.2030601501465,-17.2660579681396,-7.82663774490356,0.941650390625,-0.14501953125,-0.3310546875,0,NaN
2404,281207385,NaN,NaN,NaN,NaN,-9.04979515075684,1.25568532943726,2.70673251152039,-41.4300308227539,-14.3148889541626,-8.4326114654541,0.9384765625,-0.13427734375,-0.333251953125,0,NaN
2405,281224052,NaN,NaN,NaN,NaN,-9.08841514587402,1.09987390041351,2.65626239776611,-41.7426452636719,-10.7460346221924,-8.56424045562744,0.935302734375,-0.12158203125,-0.332763671875,0,NaN
2406,281240719,NaN,NaN,NaN,NaN,-8.98183536529541,1.00346446037292,2.54818511009216,-38.8484191894531,-7.39419984817505,-9.44714641571045,0.935302734375,-0.11474609375,-0.3310546875,0,NaN
2407,281257386,NaN,NaN,NaN,NaN,-8.96553897857666,0.911401569843292,2.62248635292053,-37.408821105957,-3.72753190994263,-9.58348369598389,0.931396484375,-0.102294921875,-0.329345703125,0,NaN
2408,281274053,NaN,NaN,NaN,NaN,-9.00531196594238,0.828316748142242,2.71982049942017,-35.3178482055664,-3.10603475570679,-9.79039192199707,0.931396484375,-0.0966796875,-0.324951171875,0,NaN
2409,281290720,NaN,NaN,NaN,NaN,-9.07713508605957,0.884859681129456,2.87560415267944,-30.9711170196533,-3.38983345031738,-7.53703117370605,0.9296875,-0.087646484375,-0.32275390625,0,NaN
2410,281307387,NaN,NaN,NaN,NaN,-9.26570892333984,0.837974429130554,2.93814563751221,-31.397533416748,-3.86098051071167,-5.23181533813477,0.927978515625,-0.078125,-0.31884765625,0,NaN
2411,281324054,NaN,NaN,NaN,NaN,-9.44908618927002,0.780996561050415,2.96350312232971,-32.4287796020508,-3.05451154708862,-3.9144868850708,0.92578125,-0.0712890625,-0.3193359375,0,NaN
2412,281340721,NaN,NaN,NaN,NaN,-9.58891582489014,0.71066802740097,2.85053634643555,-32.0156784057617,-2.41525411605835,-2.48364043235779,0.92626953125,-0.065673828125,-0.316650390625,0,NaN
2413,281357388,NaN,NaN,NaN,NaN,-9.5463171005249,0.557237446308136,2.69689702987671,-28.7547283172607,-1.95479905605316,-0.828566908836365,0.924560546875,-0.0595703125,-0.31103515625,0,NaN
2414,281374055,NaN,NaN,NaN,NaN,-9.36122417449951,0.547816872596741,2.75596761703491,-22.1899681091309,-1.32720756530762,-0.270169645547867,0.924072265625,-0.054443359375,-0.31201171875,0,NaN
2415,281390722,NaN,NaN,NaN,NaN,-9.36069679260254,0.644925892353058,2.85786461830139,-18.1874656677246,-2.21760773658752,0.835666477680206,0.92626953125,-0.052734375,-0.309326171875,0,NaN
2416,281407389,NaN,NaN,NaN,NaN,-9.56882095336914,0.760557949542999,2.94682574272156,-18.4310703277588,-3.14646649360657,2.30386519432068,0.9228515625,-0.047119140625,-0.308837890625,0,NaN
2417,281424056,NaN,NaN,NaN,NaN,-9.65723609924316,0.548596262931824,2.88148903846741,-20.9764461517334,-3.54158234596252,4.20963287353516,0.924560546875,-0.04541015625,-0.3046875,0,NaN
2418,281440723,NaN,NaN,NaN,NaN,-9.41107559204102,0.403018265962601,2.73950099945068,-22.4442272186279,-3.5070960521698,4.26281929016113,0.924072265625,-0.04052734375,-0.306396484375,0,NaN
2419,281457390,NaN,NaN,NaN,NaN,-9.37621402740479,0.327911823987961,2.72728943824768,-21.6578369140625,-5.16233158111572,2.76370477676392,0.924560546875,-0.038330078125,-0.30322265625,0,NaN
2420,281474057,NaN,NaN,NaN,NaN,-9.49975299835205,0.465895891189575,2.73935317993164,-20.310037612915,-6.97030830383301,1.26259279251099,0.925048828125,-0.0341796875,-0.302001953125,0,NaN
2421,281490724,NaN,NaN,NaN,NaN,-9.50614833831787,0.581627547740936,2.71139574050903,-16.4840888977051,-7.73617696762085,0.750183939933777,0.92138671875,-0.0302734375,-0.30322265625,0,NaN
2422,281507391,NaN,NaN,NaN,NaN,-9.29662132263184,0.663691580295563,2.76017260551453,-13.5301704406738,-8.34819221496582,1.03211581707001,0.920654296875,-0.028564453125,-0.301513671875,0,NaN
2423,281524058,NaN,NaN,NaN,NaN,-9.09807872772217,0.62136036157608,2.8861665725708,-14.418065071106,-9.7439079284668,1.9083149433136,0.920166015625,-0.02587890625,-0.302490234375,0,NaN
2424,281540725,NaN,NaN,NaN,NaN,-9.15434169769287,0.632098197937012,2.87969017028809,-17.4979782104492,-12.710521697998,2.75020670890808,0.91796875,-0.0224609375,-0.306640625,0,NaN
2425,281557392,NaN,NaN,NaN,NaN,-9.61818599700928,0.693855702877045,2.72178816795349,-18.3434219360352,-14.2518625259399,2.82717370986938,0.9169921875,-0.019775390625,-0.305908203125,0,NaN
2426,281574059,NaN,NaN,NaN,NaN,-9.54724502563477,0.719989001750946,2.58618187904358,-13.3316774368286,-14.3466863632202,1.82298648357391,0.914306640625,-0.0185546875,-0.30712890625,0,NaN
2427,281590726,NaN,NaN,NaN,NaN,-9.37924003601074,0.676429629325867,2.7433705329895,-7.51327991485596,-13.3171482086182,2.11651992797852,0.910888671875,-0.01611328125,-0.30712890625,0,NaN
2428,281607393,NaN,NaN,NaN,NaN,-9.18101215362549,0.653780519962311,2.84312081336975,-11.1413135528564,-13.6682643890381,2.69698190689087,0.910888671875,-0.013427734375,-0.308837890625,0,NaN
2429,281624060,NaN,NaN,NaN,NaN,-9.46285820007324,0.683951258659363,2.93364191055298,-16.2048492431641,-13.6467151641846,2.60932302474976,0.906982421875,-0.012939453125,-0.309326171875,0,NaN
2430,281640727,NaN,NaN,NaN,NaN,-9.42041015625,0.663524568080902,2.81814217567444,-17.2033805847168,-12.7431526184082,1.10981285572052,0.906494140625,-0.009521484375,-0.312255859375,0,NaN
2431,281657394,NaN,NaN,NaN,NaN,-9.1297550201416,0.604986548423767,2.79207587242126,-10.975378036499,-11.0074834823608,-0.620769143104553,0.901611328125,-0.009521484375,-0.312255859375,0,NaN
2432,281674061,NaN,NaN,NaN,NaN,-9.24153900146484,0.439203649759293,3.08474469184875,-10.3158102035522,-10.2152032852173,-1.78304862976074,0.9033203125,-0.006103515625,-0.314453125,0,NaN
2433,281690728,NaN,NaN,NaN,NaN,-9.47928714752197,0.178975611925125,3.26711511611938,-16.2804355621338,-12.1950759887695,-2.73032450675964,0.901123046875,-0.002685546875,-0.314453125,0,NaN
2434,281707395,NaN,NaN,NaN,NaN,-9.52138042449951,0.102463662624359,3.26666712760925,-18.2078533172607,-14.1639337539673,-4.40185213088989,0.897216796875,0.004150390625,-0.314453125,0,NaN
2435,281724062,NaN,NaN,NaN,NaN,-9.48130226135254,0.176976248621941,3.27519011497498,-14.7461032867432,-14.2163038253784,-5.69980096817017,0.89111328125,0.009033203125,-0.316162109375,0,NaN
2436,281740729,NaN,NaN,NaN,NaN,-9.46008777618408,0.285665720701218,3.27017498016357,-12.0657796859741,-13.5859842300415,-4.89146184921265,0.8896484375,0.012451171875,-0.3173828125,0,NaN
2437,281757396,NaN,NaN,NaN,NaN,-9.47945022583008,0.260706007480621,3.40366077423096,-10.7125673294067,-14.0328598022461,-2.2307596206665,0.887451171875,0.013671875,-0.318359375,0,NaN
2438,281774063,NaN,NaN,NaN,NaN,-9.45004749298096,0.0448474176228046,3.4705662727356,-10.8181457519531,-16.2792301177979,1.61668848991394,0.887939453125,0.017578125,-0.32080078125,0,NaN
2439,281790730,NaN,NaN,NaN,NaN,-9.34984016418457,0.0338324904441833,3.54004979133606,-9.10244274139404,-19.9913311004639,4.26116704940796,0.88427734375,0.01806640625,-0.32470703125,0,NaN
2440,281807397,NaN,NaN,NaN,NaN,-9.36991405487061,0.26094463467598,3.61650967597961,-3.54036641120911,-21.7515640258789,4.84600782394409,0.879150390625,0.015869140625,-0.326416015625,0,NaN
2441,281824064,NaN,NaN,NaN,NaN,-9.3481969833374,0.332511097192764,3.52624654769897,-2.67013573646545,-23.1237354278564,5.95886993408203,0.87548828125,0.01806640625,-0.333740234375,0,NaN
2442,281840731,NaN,NaN,NaN,NaN,-9.2158784866333,0.149719804525375,3.48661708831787,-5.68839550018311,-24.5633735656738,7.5095591545105,0.872802734375,0.017578125,-0.33642578125,0,NaN
2443,281857398,NaN,NaN,NaN,NaN,-9.02744293212891,0.169643074274063,3.61067819595337,-8.88101863861084,-26.7554550170898,5.82977485656738,0.868408203125,0.01708984375,-0.342041015625,0,NaN
2444,281874065,NaN,NaN,NaN,NaN,-9.12703609466553,0.41385155916214,3.59774112701416,-8.77888870239258,-27.97092628479,2.04843306541443,0.861328125,0.017578125,-0.349853515625,0,NaN
2445,281890732,NaN,NaN,NaN,NaN,-9.26828289031982,0.436077415943146,3.60853910446167,-8.28781509399414,-27.7491073608398,-0.688836514949799,0.859130859375,0.02099609375,-0.352294921875,0,NaN
2446,281907399,NaN,NaN,NaN,NaN,-8.95305728912354,0.336478054523468,3.64261722564697,-8.92549419403076,-27.6199359893799,-1.35174608230591,0.85302734375,0.02490234375,-0.3544921875,0,NaN
2447,281924066,NaN,NaN,NaN,NaN,-8.7030611038208,0.346101135015488,3.82821822166443,-10.5471210479736,-28.3930206298828,-2.65633392333984,0.8466796875,0.0244140625,-0.36181640625,0,NaN
2448,281940733,NaN,NaN,NaN,NaN,-8.68801116943359,0.493267863988876,3.90349626541138,-12.8750448226929,-29.0661735534668,-5.19285917282104,0.83935546875,0.030029296875,-0.36572265625,0,NaN
2449,281957400,NaN,NaN,NaN,NaN,-8.9672737121582,0.405889332294464,3.91055512428284,-12.4601974487305,-28.2139682769775,-5.85043382644653,0.836669921875,0.033935546875,-0.369140625,0,NaN
2450,281974067,NaN,NaN,NaN,NaN,-8.85683727264404,0.287946283817291,3.99200415611267,-9.43882751464844,-27.8852005004883,-4.05075693130493,0.8291015625,0.040771484375,-0.374755859375,0,NaN
2451,281990734,NaN,NaN,NaN,NaN,-8.61676120758057,0.354061841964722,4.25126600265503,-7.50296115875244,-27.9109382629395,-3.34725046157837,0.82421875,0.040283203125,-0.37744140625,0,NaN
2452,282007401,NaN,NaN,NaN,NaN,-8.66991996765137,0.529843270778656,4.45392560958862,-7.70797967910767,-28.4842853546143,-3.18823385238647,0.81982421875,0.0419921875,-0.38427734375,0,NaN
2453,282024068,NaN,NaN,NaN,NaN,-8.94076728820801,0.429763317108154,4.46003484725952,-8.02963924407959,-28.3181095123291,-2.62913250923157,0.812255859375,0.044921875,-0.3876953125,0,NaN
2454,282040735,NaN,NaN,NaN,NaN,-8.8484525680542,0.306183189153671,4.46737766265869,-6.04271173477173,-26.9369144439697,-2.3125319480896,0.810546875,0.044921875,-0.392822265625,0,NaN
2455,282057402,NaN,NaN,NaN,NaN,-8.71506023406982,0.383284509181976,4.63987922668457,-4.33293056488037,-25.8455505371094,-2.66338801383972,0.8017578125,0.047607421875,-0.397216796875,0,NaN
2456,282074069,NaN,NaN,NaN,NaN,-8.78419876098633,0.424415558576584,4.82656145095825,-6.03540420532227,-25.3016204833984,-4.08916711807251,0.794677734375,0.049560546875,-0.40234375,0,NaN
2457,282090736,NaN,NaN,NaN,NaN,-8.94784545898438,0.315478026866913,4.86183214187622,-9.10482311248779,-24.2092189788818,-5.37851285934448,0.789306640625,0.05126953125,-0.40576171875,0,NaN
2458,282107403,NaN,NaN,NaN,NaN,-8.95352554321289,0.0966164469718933,4.75117778778076,-10.2778482437134,-22.3182506561279,-5.556969165802,0.785400390625,0.0556640625,-0.407958984375,0,NaN
2459,282124070,NaN,NaN,NaN,NaN,-8.71078205108643,-0.0184205770492554,4.92881679534912,-8.43958568572998,-20.3531875610352,-6.07255792617798,0.781005859375,0.060791015625,-0.41015625,0,NaN
2460,282140737,NaN,NaN,NaN,NaN,-8.68811321258545,-0.122788026928902,5.03441762924194,-8.7895679473877,-18.7682800292969,-7.38556718826294,0.77783203125,0.064697265625,-0.411376953125,0,NaN
2461,282157404,NaN,NaN,NaN,NaN,-8.66995143890381,-0.451955229043961,4.99902105331421,-12.083179473877,-19.007345199585,-7.20573091506958,0.771728515625,0.06982421875,-0.415771484375,0,NaN
2462,282174071,NaN,NaN,NaN,NaN,-8.4813060760498,-0.441998571157455,5.06637191772461,-12.2510709762573,-18.7845363616943,-6.11622762680054,0.767333984375,0.072021484375,-0.4140625,0,NaN
2463,282190738,NaN,NaN,NaN,NaN,-8.3590259552002,-0.215167433023453,5.04608964920044,-10.6357727050781,-17.8508949279785,-4.70465707778931,0.76171875,0.074951171875,-0.41650390625,0,NaN
2464,282207405,NaN,NaN,NaN,NaN,-8.27633762359619,-0.134303197264671,5.05981016159058,-9.80875968933105,-16.5960578918457,-2.75929164886475,0.759033203125,0.078369140625,-0.419921875,0,NaN
2465,282224072,NaN,NaN,NaN,NaN,-8.27826881408691,-0.0547346323728561,5.02883911132812,-8.30959415435791,-15.3000469207764,-0.772255599498749,0.755859375,0.081298828125,-0.4208984375,0,NaN
2466,282240739,NaN,NaN,NaN,NaN,-8.34639263153076,0.0152279362082481,5.06590986251831,-6.84419965744019,-14.4348487854004,0.93139374256134,0.75244140625,0.083984375,-0.423095703125,0,NaN
2467,282257406,NaN,NaN,NaN,NaN,-8.38667297363281,0.0173928253352642,5.07657623291016,-7.5707745552063,-14.2663125991821,1.09828007221222,0.749755859375,0.08740234375,-0.425537109375,0,NaN
2468,282274073,NaN,NaN,NaN,NaN,-8.38050270080566,0.166412875056267,5.14988279342651,-6.08140134811401,-13.3565530776978,0.0802062377333641,0.7470703125,0.08740234375,-0.426025390625,0,NaN
2469,282290740,NaN,NaN,NaN,NaN,-8.34198379516602,-0.0123025476932526,5.3220386505127,-6.3674430847168,-11.2147645950317,-1.4433981180191,0.744873046875,0.08740234375,-0.426025390625,0,NaN
2470,282307407,NaN,NaN,NaN,NaN,-8.37163734436035,-0.464116722345352,5.43040084838867,-11.1835689544678,-10.2271518707275,-3.06109762191772,0.7421875,0.09130859375,-0.427734375,0,NaN
2471,282324074,NaN,NaN,NaN,NaN,-8.60367870330811,-0.624144017696381,5.47066354751587,-15.833233833313,-10.5716228485107,-4.72942304611206,0.741943359375,0.0947265625,-0.42431640625,0,NaN
2472,282340741,NaN,NaN,NaN,NaN,-8.6743221282959,-0.406208962202072,5.35732889175415,-16.1838607788086,-9.82665252685547,-5.89490556716919,0.736572265625,0.099365234375,-0.425048828125,0,NaN
2473,282357408,NaN,NaN,NaN,NaN,-8.40175724029541,-0.178336054086685,5.1511607170105,-10.1575736999512,-7.25144052505493,-5.68163681030273,0.733642578125,0.102783203125,-0.423828125,0,NaN
2474,282374075,NaN,NaN,NaN,NaN,-8.24240112304688,-0.344174206256866,5.26555442810059,-8.09977626800537,-5.12566709518433,-5.65305757522583,0.732177734375,0.107177734375,-0.426025390625,0,NaN
2475,282390742,NaN,NaN,NaN,NaN,-8.2542200088501,-0.702802658081055,5.49295043945312,-12.8694448471069,-6.24260187149048,-6.28107166290283,0.73095703125,0.111083984375,-0.42333984375,0,NaN
2476,282407409,NaN,NaN,NaN,NaN,-8.21560573577881,-0.761498808860779,5.51981544494629,-18.7879981994629,-7.65102624893188,-8.68336009979248,0.72705078125,0.114501953125,-0.421142578125,0,NaN
2477,282424076,NaN,NaN,NaN,NaN,-8.21769428253174,-0.773337602615356,5.27832126617432,-20.4839458465576,-5.92506790161133,-11.2971124649048,0.725341796875,0.123046875,-0.419921875,0,NaN
2478,282440743,NaN,NaN,NaN,NaN,-8.23454570770264,-0.897669017314911,5.17224836349487,-21.2911434173584,-3.24666571617126,-11.5568761825562,0.72314453125,0.13037109375,-0.414306640625,0,NaN
2479,282457410,NaN,NaN,NaN,NaN,-8.04042053222656,-0.873176574707031,5.27377605438232,-20.9322052001953,-1.16086578369141,-11.7959966659546,0.719970703125,0.1376953125,-0.41552734375,0,NaN
2480,282474077,NaN,NaN,NaN,NaN,-7.75543785095215,-0.780775308609009,5.60256862640381,-19.5191516876221,0.900774836540222,-15.0267391204834,0.717529296875,0.143310546875,-0.412109375,0,NaN
2481,282490744,NaN,NaN,NaN,NaN,-8.13364791870117,-0.895005524158478,5.68867635726929,-24.5452995300293,3.93633890151978,-17.9841117858887,0.71826171875,0.15234375,-0.406494140625,0,NaN
2482,282507411,NaN,NaN,NaN,NaN,-8.33997917175293,-1.34593975543976,5.46439075469971,-34.059440612793,5.56509256362915,-17.6319713592529,0.71484375,0.1630859375,-0.400390625,0,NaN
2483,282524078,NaN,NaN,NaN,NaN,-8.08694648742676,-1.21851217746735,5.4417290687561,-33.234935760498,9.49529552459717,-15.0040321350098,0.71240234375,0.1728515625,-0.392578125,0,NaN
2484,282540745,NaN,NaN,NaN,NaN,-8.15363025665283,-0.813845932483673,5.1950569152832,-28.7310314178467,12.7929525375366,-10.8853425979614,0.71337890625,0.18017578125,-0.383544921875,0,NaN
2485,282557412,NaN,NaN,NaN,NaN,-8.19379425048828,-0.452919036149979,4.94479703903198,-20.2906513214111,13.3507385253906,-4.92731237411499,0.715576171875,0.186279296875,-0.379638671875,0,NaN
2486,282574079,NaN,NaN,NaN,NaN,-8.29058933258057,-0.0409310683608055,4.80307102203369,-12.5007638931274,16.3437938690186,-0.0833118259906769,0.7177734375,0.18798828125,-0.375244140625,0,NaN
2487,282590746,NaN,NaN,NaN,NaN,-8.09863758087158,0.360578864812851,5.10367631912231,-0.271200329065323,16.3881549835205,0.920796573162079,0.72265625,0.18896484375,-0.3701171875,0,NaN
2488,282607413,NaN,NaN,NaN,NaN,-8.03763198852539,0.0665415152907372,5.52176809310913,3.61950302124023,20.6313552856445,-1.33817601203918,0.723876953125,0.190185546875,-0.367919921875,0,NaN
2489,282624080,NaN,NaN,NaN,NaN,-8.41380786895752,-1.0580667257309,5.34483432769775,-12.2114839553833,19.0883197784424,1.457275390625,0.729736328125,0.191162109375,-0.36181640625,0,NaN
2490,282640747,NaN,NaN,NaN,NaN,-8.41782379150391,-1.68821120262146,4.99326992034912,-16.3660926818848,16.1387348175049,4.91540718078613,0.732421875,0.193603515625,-0.35546875,0,NaN
2491,282657414,NaN,NaN,NaN,NaN,-8.42275524139404,-1.36135947704315,4.84563684463501,-6.86740684509277,16.9739780426025,4.61486339569092,0.738037109375,0.1962890625,-0.35107421875,0,NaN
2492,282674081,NaN,NaN,NaN,NaN,-8.74094867706299,-1.09509909152985,4.7339825630188,2.73853921890259,18.8413543701172,2.82682609558105,0.74072265625,0.194580078125,-0.34716796875,0,NaN
2493,282690748,NaN,NaN,NaN,NaN,-8.89921855926514,-1.16154193878174,4.67641305923462,3.46024107933044,18.5100498199463,1.94611895084381,0.744873046875,0.194580078125,-0.342529296875,0,NaN
2494,282707415,NaN,NaN,NaN,NaN,-8.89168739318848,-1.39173066616058,4.68170595169067,0.719051659107208,16.5824604034424,3.52753806114197,0.747802734375,0.194580078125,-0.34033203125,0,NaN
2495,282724082,NaN,NaN,NaN,NaN,-9.09149646759033,-1.22497892379761,4.65065240859985,-7.59880828857422,12.9472503662109,5.0209321975708,0.75146484375,0.193359375,-0.3359375,0,NaN
2496,282740749,NaN,NaN,NaN,NaN,-9.15060901641846,-0.959643721580505,4.46904516220093,-12.3228187561035,10.3538227081299,6.21247482299805,0.7548828125,0.1923828125,-0.3330078125,0,NaN
2497,282757416,NaN,NaN,NaN,NaN,-8.9566478729248,-0.841880857944489,4.37364482879639,-10.7041511535645,9.25217151641846,7.51200532913208,0.757568359375,0.1962890625,-0.326904296875,0,NaN
2498,282774083,NaN,NaN,NaN,NaN,-8.82352828979492,-0.713588714599609,4.30691719055176,-7.4175009727478,10.1058177947998,8.03563213348389,0.758056640625,0.195068359375,-0.323974609375,0,NaN
2499,282790750,NaN,NaN,NaN,NaN,-8.79065799713135,-0.835238337516785,4.34677267074585,-3.1606023311615,11.0611448287964,7.59083938598633,0.762939453125,0.195068359375,-0.32177734375,0,NaN
2500,282807417,NaN,NaN,NaN,NaN,-8.86738014221191,-0.816375851631165,4.58544254302979,0.17579285800457,11.3933944702148,5.4893684387207,0.766845703125,0.191650390625,-0.32080078125,0,NaN
2501,282824084,NaN,NaN,NaN,NaN,-9.21238708496094,-1.05533373355865,4.61790657043457,-2.48132753372192,12.9634256362915,4.01854515075684,0.76904296875,0.191650390625,-0.319091796875,0,NaN
2502,282840751,NaN,NaN,NaN,NaN,-9.17197322845459,-1.48483002185822,4.43350744247437,-6.06470203399658,13.3372106552124,3.78198766708374,0.772705078125,0.192138671875,-0.3134765625,0,NaN
2503,282857418,NaN,NaN,NaN,NaN,-8.9586181640625,-1.42225587368011,4.56904029846191,-3.74217867851257,14.6054124832153,1.2448422908783,0.77490234375,0.194580078125,-0.30615234375,0,NaN
2504,282874085,NaN,NaN,NaN,NaN,-9.05488109588623,-1.18495905399323,4.40577077865601,-1.86240947246552,14.4181423187256,-1.08912324905396,0.776611328125,0.195068359375,-0.30615234375,0,NaN
2505,282890752,NaN,NaN,NaN,NaN,-9.19103717803955,-1.08611702919006,4.09887742996216,-4.33873558044434,11.0692377090454,-0.825760245323181,0.77978515625,0.19677734375,-0.301025390625,0,NaN
2506,282907419,NaN,NaN,NaN,NaN,-8.92319488525391,-0.937420666217804,4.11736726760864,-5.31113481521606,10.237208366394,-0.665411829948425,0.782470703125,0.195556640625,-0.294921875,0,NaN
2507,282924086,NaN,NaN,NaN,NaN,-8.86450862884521,-0.846116900444031,3.96773099899292,-5.84167766571045,11.5922756195068,-1.13413739204407,0.78125,0.19970703125,-0.292724609375,0,NaN
2508,282940753,NaN,NaN,NaN,NaN,-8.76417064666748,-0.900091648101807,4.02331447601318,-3.44649076461792,9.85872745513916,-1.55063807964325,0.7880859375,0.198974609375,-0.294921875,0,NaN
2509,282957420,NaN,NaN,NaN,NaN,-8.42223072052002,-0.636709272861481,4.32291269302368,0.372139900922775,9.80503177642822,-1.97714126110077,0.78955078125,0.202880859375,-0.2880859375,0,NaN
2510,282974087,NaN,NaN,NaN,NaN,-8.63195896148682,-0.741850197315216,4.35949277877808,-5.41733884811401,13.0371036529541,-2.52088665962219,0.7861328125,0.2041015625,-0.281982421875,0,NaN
2511,282990754,NaN,NaN,NaN,NaN,-8.81657600402832,-1.23302137851715,4.0055251121521,-13.9745712280273,13.846040725708,-1.11165034770966,0.791748046875,0.203369140625,-0.2802734375,0,NaN
2512,283007421,NaN,NaN,NaN,NaN,-8.77468967437744,-1.31449806690216,3.81639647483826,-11.2199182510376,13.9506769180298,0.213853478431702,0.79150390625,0.20751953125,-0.27587890625,0,NaN
2513,283024088,NaN,NaN,NaN,NaN,-8.77325820922852,-1.16010212898254,3.96954894065857,0.220717653632164,15.7492265701294,-0.390869379043579,0.796630859375,0.20751953125,-0.2724609375,0,NaN
2514,283040755,NaN,NaN,NaN,NaN,-8.99553298950195,-1.22043430805206,3.83964467048645,4.03255701065063,16.5015239715576,-0.410578399896622,0.798828125,0.20849609375,-0.27197265625,0,NaN
2515,283057422,NaN,NaN,NaN,NaN,-9.15256977081299,-1.48452854156494,3.6660578250885,-0.0262722447514534,14.4278745651245,0.145915657281876,0.796875,0.205810546875,-0.26171875,0,NaN
2516,283074089,NaN,NaN,NaN,NaN,-8.93370056152344,-1.23518145084381,3.78105711936951,-2.19659090042114,11.5567102432251,0.458300948143005,0.802978515625,0.2080078125,-0.263916015625,0,NaN
2517,283090756,NaN,NaN,NaN,NaN,-8.90092182159424,-0.967104434967041,3.85565876960754,-2.18379759788513,11.5765113830566,1.28391408920288,0.803466796875,0.206787109375,-0.2607421875,0,NaN
2518,283107423,NaN,NaN,NaN,NaN,-9.04534149169922,-1.23683786392212,3.55328440666199,-5.58279752731323,11.8924446105957,2.91700673103333,0.806884765625,0.210693359375,-0.255126953125,0,NaN
2519,283124090,NaN,NaN,NaN,NaN,-9.02652263641357,-1.32241141796112,3.41616201400757,-2.57595348358154,11.0299854278564,4.2898473739624,0.808349609375,0.20751953125,-0.252685546875,0,NaN
2520,283140757,NaN,NaN,NaN,NaN,-8.98812484741211,-0.872685670852661,3.6532576084137,3.44056868553162,9.99723148345947,4.67344951629639,0.811767578125,0.20849609375,-0.25,0,NaN
2521,283157424,NaN,NaN,NaN,NaN,-9.1740779876709,-0.76677930355072,3.57626724243164,2.01951098442078,9.625244140625,6.08650255203247,0.813720703125,0.2080078125,-0.2470703125,0,NaN
2522,283174091,NaN,NaN,NaN,NaN,-9.10702705383301,-1.22133803367615,3.55979228019714,-2.52367830276489,8.38373184204102,7.23463106155396,0.8154296875,0.202880859375,-0.244873046875,0,NaN
2523,283190758,NaN,NaN,NaN,NaN,-9.09757328033447,-1.2855349779129,3.43862366676331,-5.53459358215332,6.94114780426025,7.45142984390259,0.818115234375,0.205810546875,-0.244384765625,0,NaN
2524,283207425,NaN,NaN,NaN,NaN,-9.21807098388672,-1.13524174690247,3.29857635498047,-4.1145977973938,4.81686639785767,6.74048328399658,0.820556640625,0.206298828125,-0.244873046875,0,NaN
2525,283224092,NaN,NaN,NaN,NaN,-9.05538558959961,-1.00919985771179,3.42547488212585,0.105626799166203,4.00546836853027,5.69762277603149,0.822998046875,0.203369140625,-0.238037109375,0,NaN
2526,283240759,NaN,NaN,NaN,NaN,-9.12799549102783,-0.980681180953979,3.21613764762878,-0.284806847572327,2.7625093460083,5.82648038864136,0.822509765625,0.2001953125,-0.23876953125,0,NaN
2527,283257426,NaN,NaN,NaN,NaN,-9.07924938201904,-1.09477627277374,3.11222791671753,1.52430820465088,-0.69220894575119,6.67654705047607,0.82421875,0.199951171875,-0.238037109375,0,NaN
2528,283274093,NaN,NaN,NaN,NaN,-8.97195911407471,-0.871292948722839,3.46501851081848,6.5362606048584,-2.44443202018738,6.66833257675171,0.8251953125,0.201171875,-0.236572265625,0,NaN
2529,283290760,NaN,NaN,NaN,NaN,-8.99986362457275,-0.771036326885223,3.4657678604126,5.8156852722168,-2.64586281776428,5.70110654830933,0.828125,0.197265625,-0.241943359375,0,NaN
2530,283307427,NaN,NaN,NaN,NaN,-9.00976467132568,-0.850374341011047,3.4797420501709,5.6045069694519,-3.39485454559326,5.18595695495605,0.826904296875,0.195556640625,-0.240478515625,0,NaN
2531,283324094,NaN,NaN,NaN,NaN,-8.9790153503418,-0.951999247074127,3.693932056427,7.79289674758911,-1.49966871738434,4.32546091079712,0.82861328125,0.192626953125,-0.245361328125,0,NaN
2532,283340761,NaN,NaN,NaN,NaN,-8.99160766601562,-1.30281674861908,3.64119172096252,2.9643759727478,-0.874104082584381,3.55819368362427,0.82861328125,0.192626953125,-0.2431640625,0,NaN
2533,283357428,NaN,NaN,NaN,NaN,-8.97574138641357,-1.4642196893692,3.50858211517334,-1.08485817909241,-3.35048079490662,1.56342494487762,0.82861328125,0.191650390625,-0.24365234375,0,NaN
2534,283374095,NaN,NaN,NaN,NaN,-8.91512393951416,-0.708857715129852,3.58009791374207,3.41358399391174,-4.04390621185303,-0.253725826740265,0.825439453125,0.19091796875,-0.245361328125,0,NaN
2535,283390762,NaN,NaN,NaN,NaN,-8.88597869873047,-0.121094442903996,3.64903974533081,9.56578254699707,-1.35915744304657,0.738491177558899,0.82763671875,0.192138671875,-0.24755859375,0,NaN
2536,283407429,NaN,NaN,NaN,NaN,-8.91971778869629,-0.386004388332367,3.5292820930481,4.99258089065552,1.35404109954834,4.40368127822876,0.8271484375,0.1904296875,-0.24755859375,0,NaN
2537,283424096,NaN,NaN,NaN,NaN,-9.03910064697266,-0.981293320655823,3.53430247306824,3.26017737388611,0.830773770809174,5.44641399383545,0.829833984375,0.188232421875,-0.244384765625,0,NaN
2538,283440763,NaN,NaN,NaN,NaN,-9.05595874786377,-0.534906268119812,3.62484288215637,10.4865989685059,-1.51811015605927,4.00370216369629,0.828125,0.184814453125,-0.245849609375,0,NaN
2539,283457430,NaN,NaN,NaN,NaN,-9.03802394866943,-0.0288651622831821,3.75277400016785,21.7273788452148,-2.11724543571472,3.7130274772644,0.8310546875,0.1806640625,-0.25439453125,0,NaN
2540,283474097,NaN,NaN,NaN,NaN,-9.05609798431396,-0.196659401059151,3.75672006607056,12.5319671630859,-2.03544878959656,2.47183179855347,0.828857421875,0.1796875,-0.252685546875,0,NaN
2541,283490764,NaN,NaN,NaN,NaN,-8.94742107391357,-1.19292044639587,3.47707891464233,5.32018041610718,-2.21143245697021,1.94875526428223,0.83056640625,0.17626953125,-0.25439453125,0,NaN
2542,283507431,NaN,NaN,NaN,NaN,-9.029541015625,-1.34857630729675,3.66593480110168,2.40991163253784,-3.4850754737854,0.471593827009201,0.82763671875,0.17919921875,-0.256103515625,0,NaN
2543,283524098,NaN,NaN,NaN,NaN,-8.94303035736084,-0.908898770809174,3.80092430114746,4.3509955406189,-3.80199360847473,-0.980767905712128,0.828369140625,0.1796875,-0.25439453125,0,NaN
2544,283540765,NaN,NaN,NaN,NaN,-8.86040782928467,-0.971257030963898,3.90408849716187,7.19544124603271,0.369565695524216,-3.52156114578247,0.829345703125,0.177490234375,-0.256103515625,0,NaN
2545,283557432,NaN,NaN,NaN,NaN,-9.0663366317749,-1.43752634525299,3.71157884597778,1.28456676006317,1.6130496263504,-3.46850442886353,0.828857421875,0.17919921875,-0.2587890625,0,NaN
2546,283574099,NaN,NaN,NaN,NaN,-9.09355354309082,-1.23221349716187,3.62473821640015,-4.5262188911438,-0.871056079864502,-0.933000326156616,0.828369140625,0.177978515625,-0.25537109375,0,NaN
2547,283590766,NaN,NaN,NaN,NaN,-9.00871658325195,-0.534494936466217,3.56342244148254,0.259136497974396,0.0208871569484472,3.34562039375305,0.8271484375,0.1796875,-0.256591796875,0,NaN
2548,283607433,NaN,NaN,NaN,NaN,-9.05854797363281,-0.389030069112778,3.66364932060242,6.73057222366333,3.26873230934143,7.09762716293335,0.829345703125,0.17626953125,-0.257080078125,0,NaN
2549,283624100,NaN,NaN,NaN,NaN,-9.12724494934082,-0.760146379470825,3.6441011428833,8.37349414825439,3.84761261940002,10.011287689209,0.833740234375,0.17578125,-0.256591796875,0,NaN
2550,283640767,NaN,NaN,NaN,NaN,-9.37634658813477,-0.884112775325775,3.71285080909729,7.37379789352417,0.709766685962677,10.5488653182983,0.833740234375,0.17333984375,-0.256103515625,0,NaN
2551,283657434,NaN,NaN,NaN,NaN,-9.41848564147949,-0.380014836788177,3.75163173675537,11.7094430923462,-0.103328108787537,8.69341659545898,0.83642578125,0.167724609375,-0.25537109375,0,NaN
2552,283674101,NaN,NaN,NaN,NaN,-9.12953281402588,-0.274151831865311,3.69701528549194,21.2198905944824,2.80568432807922,7.75053262710571,0.83837890625,0.164306640625,-0.25927734375,0,NaN
2553,283690768,NaN,NaN,NaN,NaN,-9.07490062713623,-0.427643090486526,3.82055902481079,26.6617317199707,2.38534331321716,8.34127330780029,0.8388671875,0.15771484375,-0.264404296875,0,NaN
2554,283707435,NaN,NaN,NaN,NaN,-9.15308570861816,-0.446190536022186,3.76374506950378,27.0070533752441,0.334438741207123,9.20781707763672,0.840087890625,0.153076171875,-0.2666015625,0,NaN
2555,283724102,NaN,NaN,NaN,NaN,-9.20738315582275,-0.310607194900513,3.80836176872253,23.6280403137207,1.28306436538696,8.06813907623291,0.8427734375,0.145751953125,-0.27099609375,0,NaN
2556,283740769,NaN,NaN,NaN,NaN,-9.18020725250244,-0.373749911785126,3.6217143535614,19.8146915435791,2.10404777526855,5.64690399169922,0.844482421875,0.1435546875,-0.27392578125,0,NaN
2557,283757436,NaN,NaN,NaN,NaN,-8.95616149902344,-0.861317098140717,3.51964044570923,27.9114418029785,5.78616857528687,3.27723097801208,0.84228515625,0.138427734375,-0.2783203125,0,NaN
2558,283774103,NaN,NaN,NaN,NaN,-8.6200532913208,-1.421306848526,3.54790377616882,32.9274291992188,4.41106224060059,3.74186372756958,0.8466796875,0.131591796875,-0.27880859375,0,NaN
2559,283790770,NaN,NaN,NaN,NaN,-8.63367652893066,-1.11778497695923,3.28113985061646,25.4489326477051,0.124817386269569,3.26382780075073,0.847900390625,0.12646484375,-0.280517578125,0,NaN
2560,283807437,NaN,NaN,NaN,NaN,-8.87953567504883,-0.492445230484009,3.47033953666687,20.527099609375,-0.346341848373413,0.558319330215454,0.848388671875,0.120361328125,-0.283447265625,0,NaN
2561,283824104,NaN,NaN,NaN,NaN,-8.83343982696533,-0.45268639922142,3.61783194541931,16.1360034942627,0.168787851929665,0.502611219882965,0.84619140625,0.119873046875,-0.286865234375,0,NaN
2562,283840771,NaN,NaN,NaN,NaN,-8.87549877166748,-0.677701056003571,3.31357216835022,15.2959814071655,-1.64545738697052,0.942330360412598,0.847900390625,0.11865234375,-0.28955078125,0,NaN
2563,283857438,NaN,NaN,NaN,NaN,-9.02820301055908,-0.454092681407928,3.4677574634552,13.6323871612549,-3.02310729026794,1.57690441608429,0.846923828125,0.115234375,-0.2900390625,0,NaN
2564,283874105,NaN,NaN,NaN,NaN,-9.31876659393311,-0.0477485097944736,3.35631608963013,15.9075736999512,-3.01537919044495,0.500959157943726,0.847412109375,0.11181640625,-0.295166015625,0,NaN
2565,283890772,NaN,NaN,NaN,NaN,-9.08481025695801,-0.119538903236389,3.14110565185547,22.7653026580811,-2.74238896369934,3.3788468837738,0.846923828125,0.106689453125,-0.299560546875,0,NaN
2566,283907439,NaN,NaN,NaN,NaN,-8.89415264129639,-0.0396284759044647,3.34011363983154,23.4744777679443,-3.88447594642639,8.21567726135254,0.850830078125,0.1044921875,-0.3017578125,0,NaN
2567,283924106,NaN,NaN,NaN,NaN,-9.14979457855225,0.0399423539638519,3.47959399223328,12.7984476089478,-8.61328315734863,5.42357110977173,0.84716796875,0.098388671875,-0.3046875,0,NaN
2568,283940773,NaN,NaN,NaN,NaN,-9.4468994140625,-0.0858096182346344,3.68795967102051,3.67099189758301,-8.4179801940918,-0.94601172208786,0.849365234375,0.09765625,-0.30810546875,0,NaN
2569,283957440,NaN,NaN,NaN,NaN,-9.24721717834473,-0.193539440631866,3.57216262817383,2.27972292900085,-6.82502412796021,-5.15461444854736,0.845458984375,0.098388671875,-0.310791015625,0,NaN
2570,283974107,NaN,NaN,NaN,NaN,-8.76557731628418,-0.35544365644455,3.51876258850098,5.72109794616699,-5.62003660202026,-3.11357688903809,0.84375,0.09765625,-0.310791015625,0,NaN
2571,283990774,NaN,NaN,NaN,NaN,-9.0582332611084,-0.0138146402314305,3.75880694389343,5.50046873092651,-5.96911096572876,0.106023781001568,0.844970703125,0.098876953125,-0.3125,0,NaN
2572,284007441,NaN,NaN,NaN,NaN,-8.89992809295654,0.0344386994838715,3.9037914276123,0.900657773017883,-4.15644788742065,-0.170740649104118,0.84326171875,0.1005859375,-0.314208984375,0,NaN
2573,284024108,NaN,NaN,NaN,NaN,-8.85377216339111,-0.445466786623001,3.82768440246582,5.19389724731445,-0.0249659810215235,1.7141170501709,0.83935546875,0.097900390625,-0.314697265625,0,NaN
2574,284040775,NaN,NaN,NaN,NaN,-9.12788391113281,-0.318506360054016,3.96077585220337,4.83613920211792,0.883689403533936,2.52157044410706,0.84326171875,0.0966796875,-0.314697265625,0,NaN
2575,284057442,NaN,NaN,NaN,NaN,-8.91568470001221,-0.209109902381897,3.77724385261536,-1.86321496963501,-0.734885931015015,2.63214015960693,0.841064453125,0.098876953125,-0.3154296875,0,NaN
2576,284074109,NaN,NaN,NaN,NaN,-8.76263046264648,-0.490284234285355,3.56236743927002,-1.98012411594391,0.323987871408463,2.14526844024658,0.84375,0.095947265625,-0.3125,0,NaN
2577,284090776,NaN,NaN,NaN,NaN,-9.14067554473877,-0.409866750240326,3.59197306632996,4.71639966964722,2.14511489868164,2.2973313331604,0.844482421875,0.0966796875,-0.31298828125,0,NaN
2578,284107443,NaN,NaN,NaN,NaN,-9.29061985015869,-0.117435105144978,3.5032320022583,3.65256357192993,0.4494389295578,2.68132972717285,0.84423828125,0.09326171875,-0.309814453125,0,NaN
2579,284124110,NaN,NaN,NaN,NaN,-9.09972763061523,-0.281484842300415,3.56800937652588,6.22420740127563,-0.0465574897825718,2.80766463279724,0.84619140625,0.09375,-0.31298828125,0,NaN
2580,284140777,NaN,NaN,NaN,NaN,-8.93528366088867,-0.612823367118835,3.79773235321045,5.65254402160645,0.504531860351562,2.05493259429932,0.844970703125,0.08984375,-0.314697265625,0,NaN
2581,284157444,NaN,NaN,NaN,NaN,-8.95274829864502,-0.634601056575775,3.75914001464844,2.67107176780701,-0.741596519947052,1.33057963848114,0.84326171875,0.0927734375,-0.314208984375,0,NaN
2582,284174111,NaN,NaN,NaN,NaN,-8.99328517913818,-0.437790125608444,3.39450979232788,3.57631421089172,-0.569018185138702,0.833232402801514,0.848388671875,0.091552734375,-0.31640625,0,NaN
2583,284190778,NaN,NaN,NaN,NaN,-9.03582572937012,-0.201146855950356,3.2775547504425,8.54585838317871,-0.322431951761246,0.86688768863678,0.848388671875,0.091552734375,-0.314208984375,0,NaN
2584,284207445,NaN,NaN,NaN,NaN,-9.01636981964111,0.0776481106877327,3.5612964630127,12.0960388183594,-0.135856226086617,1.76531779766083,0.848876953125,0.0869140625,-0.317626953125,0,NaN
2585,284224112,NaN,NaN,NaN,NaN,-8.98165225982666,-0.000613281037658453,3.71226453781128,12.3899698257446,0.294648617506027,2.15934371948242,0.848388671875,0.0830078125,-0.31982421875,0,NaN
2586,284240779,NaN,NaN,NaN,NaN,-8.96403694152832,-0.289582103490829,3.74957680702209,3.57429099082947,-2.01453518867493,3.10547614097595,0.847900390625,0.0830078125,-0.3203125,0,NaN
2587,284257446,NaN,NaN,NaN,NaN,-8.97138500213623,-0.37313050031662,3.66242694854736,0.583137094974518,-3.48161721229553,2.14882850646973,0.845458984375,0.080322265625,-0.318603515625,0,NaN
2588,284274113,NaN,NaN,NaN,NaN,-8.89921760559082,-0.369715243577957,3.3916003704071,6.24728393554688,-3.12736845016479,1.94490039348602,0.8505859375,0.081787109375,-0.32080078125,0,NaN
2589,284290780,NaN,NaN,NaN,NaN,-8.93949890136719,-0.16301916539669,3.47242140769958,10.5940704345703,-2.89758515357971,2.55736494064331,0.84716796875,0.081298828125,-0.3203125,0,NaN
2590,284307447,NaN,NaN,NaN,NaN,-8.92127227783203,-0.0126760751008987,3.66292285919189,7.54268550872803,-2.54886746406555,3.05752921104431,0.847412109375,0.080322265625,-0.32373046875,0,NaN
2591,284324114,NaN,NaN,NaN,NaN,-8.87077617645264,-0.175957009196281,3.76420783996582,2.14789366722107,-2.80358505249023,3.59837937355042,0.849609375,0.076904296875,-0.32421875,0,NaN
2592,284340781,NaN,NaN,NaN,NaN,-8.84886455535889,-0.165227711200714,3.69343614578247,2.53632378578186,-3.01681160926819,3.49160075187683,0.84716796875,0.0751953125,-0.32373046875,0,NaN
2593,284357448,NaN,NaN,NaN,NaN,-8.90411758422852,0.0781178623437881,3.64239001274109,7.96824073791504,-2.96968412399292,3.3664186000824,0.845703125,0.076416015625,-0.325927734375,0,NaN
2594,284374115,NaN,NaN,NaN,NaN,-8.95546627044678,0.345593869686127,3.76970338821411,10.0199546813965,-2.91491842269897,3.88979578018188,0.84912109375,0.073974609375,-0.32763671875,0,NaN
2595,284390782,NaN,NaN,NaN,NaN,-9.02404308319092,0.448137074708939,3.77775955200195,8.1983470916748,-3.22768187522888,4.22252368927002,0.847412109375,0.070068359375,-0.3271484375,0,NaN
2596,284407449,NaN,NaN,NaN,NaN,-9.14805316925049,0.572849154472351,3.75558924674988,8.5609712600708,-4.31139326095581,3.7646586894989,0.847900390625,0.068359375,-0.330322265625,0,NaN
2597,284424116,NaN,NaN,NaN,NaN,-9.20254230499268,0.835854232311249,3.77104210853577,15.0827589035034,-3.832763671875,3.79722023010254,0.845703125,0.065185546875,-0.330322265625,0,NaN
2598,284440783,NaN,NaN,NaN,NaN,-9.29807472229004,1.02948975563049,3.90935087203979,22.9424495697021,-3.87099599838257,4.38015842437744,0.847900390625,0.060546875,-0.334228515625,0,NaN
2599,284457450,NaN,NaN,NaN,NaN,-9.33818626403809,1.26788115501404,4.00805616378784,23.2818794250488,-3.67535257339478,4.66790390014648,0.846435546875,0.05712890625,-0.33935546875,0,NaN
2600,284474117,NaN,NaN,NaN,NaN,-9.3786096572876,1.33691418170929,4.04169607162476,23.7784404754639,-3.14141011238098,4.45555543899536,0.850341796875,0.048583984375,-0.341552734375,0,NaN
2601,284490784,NaN,NaN,NaN,NaN,-9.39688014984131,1.65491843223572,3.9989607334137,31.8028087615967,-3.03215098381042,4.51502227783203,0.850830078125,0.04638671875,-0.349365234375,0,NaN
2602,284507451,NaN,NaN,NaN,NaN,-9.31376361846924,2.14738416671753,3.98136782646179,42.6165924072266,-3.07166790962219,5.76116609573364,0.846923828125,0.0380859375,-0.35107421875,0,NaN
2603,284524118,NaN,NaN,NaN,NaN,-9.21317863464355,2.68721795082092,4.04826021194458,54.2424926757812,-3.16771602630615,7.71293592453003,0.8486328125,0.026611328125,-0.35791015625,0,NaN
2604,284540785,NaN,NaN,NaN,NaN,-8.98232841491699,3.00267887115479,4.22222709655762,67.7929229736328,-2.68118834495544,9.95110893249512,0.848876953125,0.014892578125,-0.36572265625,0,NaN
2605,284557452,NaN,NaN,NaN,NaN,-9.12548828125,2.95567750930786,4.41794967651367,73.7653656005859,-1.12442564964294,10.0858612060547,0.852294921875,-0.003662109375,-0.372802734375,0,NaN
2606,284574119,NaN,NaN,NaN,NaN,-9.25079727172852,2.56866216659546,4.30901575088501,71.5799560546875,-2.56282114982605,5.91958665847778,0.85107421875,-0.01953125,-0.380615234375,0,NaN
2607,284590786,NaN,NaN,NaN,NaN,-9.2440071105957,2.30892038345337,4.15022802352905,72.8327713012695,-1.00355637073517,-0.0241212099790573,0.8505859375,-0.033935546875,-0.387939453125,0,NaN
2608,284607453,NaN,NaN,NaN,NaN,-9.22974491119385,2.05246067047119,4.05362701416016,81.6657409667969,1.29124355316162,-6.13245916366577,0.849609375,-0.048095703125,-0.39697265625,0,NaN
2609,284624120,NaN,NaN,NaN,NaN,-9.08292675018311,1.8730788230896,4.3279972076416,86.8218383789062,2.21534061431885,-12.0635557174683,0.8486328125,-0.06103515625,-0.403564453125,0,NaN
2610,284640787,NaN,NaN,NaN,NaN,-8.9404182434082,1.6623443365097,4.46221256256104,82.2835998535156,2.88438248634338,-18.4062652587891,0.851318359375,-0.076171875,-0.412109375,0,NaN
2611,284657454,NaN,NaN,NaN,NaN,-8.90696716308594,1.27852022647858,4.3261890411377,77.2333374023438,4.25041007995605,-23.5304870605469,0.850341796875,-0.08642578125,-0.415283203125,0,NaN
2612,284674121,NaN,NaN,NaN,NaN,-8.88827991485596,0.924575686454773,4.18616199493408,76.5830001831055,5.16903018951416,-24.6034736633301,0.84814453125,-0.0947265625,-0.422119140625,0,NaN
2613,284690788,NaN,NaN,NaN,NaN,-8.90535449981689,1.00565803050995,3.9390766620636,78.8459396362305,6.17641448974609,-24.3018112182617,0.84765625,-0.109375,-0.427734375,0,NaN
2614,284707455,NaN,NaN,NaN,NaN,-8.95431709289551,1.0016930103302,4.09544038772583,89.0527648925781,7.78073406219482,-24.6135330200195,0.849365234375,-0.1162109375,-0.433349609375,0,NaN
2615,284724122,NaN,NaN,NaN,NaN,-9.02277755737305,0.876287937164307,4.02862071990967,86.2768707275391,8.29379558563232,-23.6684169769287,0.849853515625,-0.13232421875,-0.43505859375,0,NaN
2616,284740789,NaN,NaN,NaN,NaN,-8.96704196929932,0.792874038219452,4.08311080932617,82.8201599121094,6.04049682617188,-22.8538608551025,0.84716796875,-0.142578125,-0.44287109375,0,NaN
2617,284757456,NaN,NaN,NaN,NaN,-8.84925556182861,1.43519592285156,3.65601634979248,88.7724990844727,5.7737774848938,-20.4320297241211,0.849365234375,-0.155517578125,-0.44775390625,0,NaN
2618,284774123,NaN,NaN,NaN,NaN,-8.75537776947021,1.55785763263702,3.71799325942993,97.8548202514648,7.63803863525391,-17.6778316497803,0.85205078125,-0.1728515625,-0.449951171875,0,NaN
2619,284790790,NaN,NaN,NaN,NaN,-8.77757358551025,1.15547287464142,3.93244171142578,93.0937805175781,8.35357856750488,-17.027587890625,0.850830078125,-0.19091796875,-0.453857421875,0,NaN
2620,284807457,NaN,NaN,NaN,NaN,-8.69245529174805,0.603150606155396,3.93651700019836,82.2673034667969,3.86712765693665,-17.2655239105225,0.853759765625,-0.204345703125,-0.458984375,0,NaN
2621,284824124,NaN,NaN,NaN,NaN,-8.55651473999023,0.857253134250641,3.60314893722534,83.9400024414062,0.864604711532593,-18.0888557434082,0.850341796875,-0.216552734375,-0.4599609375,0,NaN
2622,284840791,NaN,NaN,NaN,NaN,-8.47697162628174,1.28696608543396,3.17028141021729,97.3093795776367,0.256142169237137,-16.2438220977783,0.851318359375,-0.234130859375,-0.466064453125,0,NaN
2623,284857458,NaN,NaN,NaN,NaN,-8.32462501525879,1.71499693393707,3.10015487670898,100.799819946289,0.695179522037506,-12.8431034088135,0.850830078125,-0.254638671875,-0.468994140625,0,NaN
2624,284874125,NaN,NaN,NaN,NaN,-8.39483547210693,1.63268876075745,3.2954375743866,98.7428817749023,-0.02298179641366,-10.8235540390015,0.853515625,-0.2705078125,-0.469970703125,0,NaN
2625,284890792,NaN,NaN,NaN,NaN,-8.53202152252197,1.30597317218781,3.42566919326782,95.5691528320312,-1.45321607589722,-10.2381219863892,0.852294921875,-0.291259765625,-0.474365234375,0,NaN
2626,284907459,NaN,NaN,NaN,NaN,-8.66010570526123,1.04791331291199,3.34377932548523,93.3199310302734,-5.15231466293335,-11.1428117752075,0.851318359375,-0.30859375,-0.48388671875,0,NaN
2627,284924126,NaN,NaN,NaN,NaN,-8.63539791107178,1.0971040725708,3.31594300270081,97.0990524291992,-8.94632053375244,-11.4390068054199,0.848388671875,-0.328125,-0.48291015625,0,NaN
2628,284940793,NaN,NaN,NaN,NaN,-8.71270179748535,1.38443303108215,3.32008266448975,99.0894165039062,-10.8714790344238,-12.5603494644165,0.847900390625,-0.344970703125,-0.485595703125,0,NaN
2629,284957460,NaN,NaN,NaN,NaN,-8.79263687133789,1.59299194812775,3.1804141998291,95.5902252197266,-13.1775341033936,-12.4013662338257,0.843994140625,-0.367431640625,-0.4921875,0,NaN
2630,284974127,NaN,NaN,NaN,NaN,-8.76015186309814,1.6083972454071,3.33513522148132,94.938835144043,-14.5721025466919,-12.1062879562378,0.8427734375,-0.383544921875,-0.49462890625,0,NaN
2631,284990794,NaN,NaN,NaN,NaN,-8.82360172271729,1.74344527721405,3.26155257225037,95.215202331543,-14.5327272415161,-11.9946403503418,0.8388671875,-0.402587890625,-0.49853515625,0,NaN
2632,285007461,NaN,NaN,NaN,NaN,-8.79190349578857,1.71668696403503,3.22178173065186,96.0338668823242,-15.7479696273804,-11.0861854553223,0.8369140625,-0.42333984375,-0.498291015625,0,NaN
2633,285024128,NaN,NaN,NaN,NaN,-8.71508884429932,1.7502030134201,3.35660910606384,99.0452117919922,-16.9283294677734,-10.5673141479492,0.833740234375,-0.4423828125,-0.504638671875,0,NaN
2634,285040795,NaN,NaN,NaN,NaN,-8.77669429779053,1.86135864257812,3.41957473754883,99.2457733154297,-18.4268112182617,-10.7198734283447,0.830322265625,-0.4619140625,-0.50732421875,0,NaN
2635,285057462,NaN,NaN,NaN,NaN,-8.781005859375,1.93508350849152,3.50242471694946,97.990348815918,-19.5652523040771,-11.2457075119019,0.826904296875,-0.483154296875,-0.5078125,0,NaN
2636,285074129,NaN,NaN,NaN,NaN,-8.8072338104248,1.9803740978241,3.45307374000549,94.2131652832031,-20.7747993469238,-10.8300170898438,0.82177734375,-0.501953125,-0.51220703125,0,NaN
2637,285090796,NaN,NaN,NaN,NaN,-8.73216533660889,1.94972825050354,3.5090057849884,93.6474304199219,-21.2586326599121,-10.2685899734497,0.820068359375,-0.521484375,-0.51123046875,0,NaN
2638,285107463,NaN,NaN,NaN,NaN,-8.66825580596924,2.02232480049133,3.44564318656921,97.0011367797852,-21.6810359954834,-9.62578964233398,0.814208984375,-0.541015625,-0.51123046875,0,NaN
2639,285124130,NaN,NaN,NaN,NaN,-8.629563331604,2.03421950340271,3.49815773963928,101.546936035156,-23.1859397888184,-8.92957019805908,0.809814453125,-0.561767578125,-0.5126953125,0,NaN
2640,285140797,NaN,NaN,NaN,NaN,-8.63324737548828,2.0933666229248,3.66529035568237,99.3729095458984,-24.2452812194824,-9.14956760406494,0.803466796875,-0.585693359375,-0.514404296875,0,NaN
2641,285157464,NaN,NaN,NaN,NaN,-8.66859245300293,2.03002691268921,3.72320461273193,93.0088348388672,-24.7673358917236,-9.9293327331543,0.800048828125,-0.605224609375,-0.51220703125,0,NaN
2642,285174131,NaN,NaN,NaN,NaN,-8.71790409088135,2.04217886924744,3.64599442481995,91.3986587524414,-24.6938533782959,-11.3018760681152,0.796142578125,-0.623046875,-0.518310546875,0,NaN
2643,285190798,NaN,NaN,NaN,NaN,-8.76091003417969,2.09882068634033,3.52880167961121,94.9791946411133,-23.8818798065186,-12.9750146865845,0.791015625,-0.642578125,-0.51318359375,0,NaN
2644,285207465,NaN,NaN,NaN,NaN,-8.70547962188721,2.07584357261658,3.63646554946899,97.4547348022461,-24.1647720336914,-13.7520389556885,0.78515625,-0.664306640625,-0.50634765625,0,NaN
2645,285224132,NaN,NaN,NaN,NaN,-8.82282447814941,2.05693912506104,3.86438632011414,94.7372512817383,-24.6097183227539,-14.5656070709229,0.78271484375,-0.68212890625,-0.504150390625,0,NaN
2646,285240799,NaN,NaN,NaN,NaN,-9.01796913146973,2.09251689910889,3.95299530029297,87.5232315063477,-24.7217597961426,-15.3144693374634,0.778076171875,-0.7021484375,-0.504150390625,0,NaN
2647,285257466,NaN,NaN,NaN,NaN,-9.03959655761719,2.03377723693848,3.93843507766724,85.1880569458008,-24.9242916107178,-16.1298923492432,0.774658203125,-0.71875,-0.4990234375,0,NaN
2648,285274133,NaN,NaN,NaN,NaN,-8.92584228515625,2.09816074371338,3.84367346763611,84.8721389770508,-23.5581855773926,-16.5776062011719,0.771240234375,-0.736083984375,-0.498046875,0,NaN
2649,285290800,NaN,NaN,NaN,NaN,-8.83953285217285,2.01729607582092,3.83901858329773,83.4892272949219,-22.4203624725342,-15.7508249282837,0.768310546875,-0.75341796875,-0.493896484375,0,NaN
2650,285307467,NaN,NaN,NaN,NaN,-8.77608966827393,2.04040145874023,3.8583357334137,81.4441299438477,-21.0065536499023,-14.2192468643188,0.765380859375,-0.767822265625,-0.49072265625,0,NaN
2651,285324134,NaN,NaN,NaN,NaN,-8.81935119628906,2.05444478988647,3.790442943573,81.2622833251953,-20.3513851165771,-12.7070693969727,0.76171875,-0.784423828125,-0.485595703125,0,NaN
2652,285340801,NaN,NaN,NaN,NaN,-8.6941967010498,2.09390163421631,3.68090724945068,82.139404296875,-19.1327323913574,-12.3854084014893,0.757568359375,-0.799560546875,-0.478271484375,0,NaN
2653,285357468,NaN,NaN,NaN,NaN,-8.69859790802002,2.17213773727417,3.66859745979309,82.9780197143555,-17.6899375915527,-11.4933481216431,0.7578125,-0.818359375,-0.470947265625,0,NaN
2654,285374135,NaN,NaN,NaN,NaN,-8.84014511108398,2.35917615890503,3.79369235038757,80.1975173950195,-16.3645629882812,-10.0398931503296,0.753173828125,-0.833984375,-0.4658203125,0,NaN
2655,285390802,NaN,NaN,NaN,NaN,-9.04062080383301,2.3904082775116,3.82629442214966,75.3537750244141,-14.9310722351074,-9.33729362487793,0.753662109375,-0.8505859375,-0.455078125,0,NaN
2656,285407469,NaN,NaN,NaN,NaN,-9.02893352508545,2.28267312049866,3.64653277397156,71.2718353271484,-14.3485050201416,-9.98013782501221,0.751220703125,-0.864501953125,-0.45068359375,0,NaN
2657,285424136,NaN,NaN,NaN,NaN,-8.91187286376953,2.20627427101135,3.63999271392822,70.7433471679688,-14.4684820175171,-11.1296625137329,0.749267578125,-0.877197265625,-0.441650390625,0,NaN
2658,285440803,NaN,NaN,NaN,NaN,-8.93830299377441,2.42029213905334,3.6095278263092,67.1563568115234,-14.2524871826172,-12.5192594528198,0.74853515625,-0.890625,-0.434814453125,0,NaN
2659,285457470,NaN,NaN,NaN,NaN,-8.95022201538086,2.54898405075073,3.45582866668701,62.912670135498,-12.767541885376,-13.0999231338501,0.747802734375,-0.8994140625,-0.42822265625,0,NaN
2660,285474137,NaN,NaN,NaN,NaN,-8.94645500183105,2.4454333782196,3.35108184814453,61.8482360839844,-11.6439323425293,-12.9776802062988,0.745849609375,-0.91064453125,-0.418701171875,0,NaN
2661,285490804,NaN,NaN,NaN,NaN,-8.98487281799316,2.4166955947876,3.31841564178467,61.3350105285645,-10.7779397964478,-12.927360534668,0.7451171875,-0.921630859375,-0.415771484375,0,NaN
2662,285507471,NaN,NaN,NaN,NaN,-8.9940710067749,2.40746712684631,3.27522540092468,61.690372467041,-10.6315107345581,-12.4664688110352,0.7470703125,-0.932373046875,-0.40576171875,0,NaN
2663,285524138,NaN,NaN,NaN,NaN,-8.94300365447998,2.42218255996704,3.31162524223328,61.1411972045898,-10.9961738586426,-10.9012889862061,0.7451171875,-0.94287109375,-0.3984375,0,NaN
2664,285540805,NaN,NaN,NaN,NaN,-8.95195007324219,2.42785859107971,3.23899602890015,58.7361717224121,-11.4006605148315,-9.5847110748291,0.744384765625,-0.953857421875,-0.392822265625,0,NaN
2665,285557472,NaN,NaN,NaN,NaN,-9.00412940979004,2.45353078842163,3.09361958503723,57.6623497009277,-11.8153924942017,-9.3274974822998,0.745849609375,-0.96337890625,-0.381591796875,0,NaN
2666,285574139,NaN,NaN,NaN,NaN,-8.98476028442383,2.46429443359375,3.04847383499146,59.5571594238281,-11.3136301040649,-9.93985080718994,0.7451171875,-0.973876953125,-0.37353515625,0,NaN
2667,285590806,NaN,NaN,NaN,NaN,-8.91866683959961,2.5105094909668,3.12436747550964,61.0597610473633,-11.3962087631226,-9.66714763641357,0.7431640625,-0.985595703125,-0.366943359375,0,NaN
2668,285607473,NaN,NaN,NaN,NaN,-8.91328907012939,2.66617631912231,3.24017882347107,59.7497634887695,-12.4526767730713,-8.92454433441162,0.74462890625,-0.9921875,-0.356689453125,0,NaN
2669,285624140,NaN,NaN,NaN,NaN,-9.02091026306152,2.79877471923828,3.06626057624817,56.0054321289062,-12.9006309509277,-8.88690662384033,0.744384765625,-1.0009765625,-0.34716796875,0,NaN
2670,285640807,NaN,NaN,NaN,NaN,-8.97192096710205,2.70028376579285,2.9014036655426,56.594066619873,-12.1307678222656,-8.88309001922607,0.741455078125,-1.0126953125,-0.341552734375,0,NaN
2671,285657474,NaN,NaN,NaN,NaN,-8.76588916778564,2.55829763412476,2.96698427200317,59.1925239562988,-12.082802772522,-8.63685035705566,0.742431640625,-1.0205078125,-0.330810546875,0,NaN
2672,285674141,NaN,NaN,NaN,NaN,-8.72061729431152,2.64390730857849,3.14945435523987,56.8483390808105,-13.1898746490479,-8.5555591583252,0.74267578125,-1.02880859375,-0.322021484375,0,NaN
2673,285690808,NaN,NaN,NaN,NaN,-8.7224588394165,2.77987408638,3.11096119880676,50.2935371398926,-14.3273105621338,-8.37739562988281,0.740966796875,-1.0380859375,-0.3173828125,0,NaN
2674,285707475,NaN,NaN,NaN,NaN,-8.74228382110596,2.80564665794373,2.87897253036499,46.9661521911621,-14.4015054702759,-8.70147800445557,0.739501953125,-1.04296875,-0.307373046875,0,NaN
2675,285724142,NaN,NaN,NaN,NaN,-8.8740816116333,2.67105603218079,2.74588203430176,47.9119491577148,-14.3455801010132,-9.36029148101807,0.73779296875,-1.0498046875,-0.302734375,0,NaN
2676,285740809,NaN,NaN,NaN,NaN,-8.96000385284424,2.73089265823364,2.7964460849762,48.5356101989746,-14.8115739822388,-10.9633951187134,0.7392578125,-1.055908203125,-0.296630859375,0,NaN
2677,285757476,NaN,NaN,NaN,NaN,-8.98530769348145,2.81982159614563,2.88659834861755,46.6965370178223,-14.1050519943237,-12.5703763961792,0.737548828125,-1.061767578125,-0.288818359375,0,NaN
2678,285774143,NaN,NaN,NaN,NaN,-8.93312644958496,2.80715417861938,2.81636166572571,43.7500076293945,-13.9795370101929,-12.4185705184937,0.739501953125,-1.065673828125,-0.281494140625,0,NaN
2679,285790810,NaN,NaN,NaN,NaN,-8.92884063720703,2.78942036628723,2.76492953300476,41.9727439880371,-15.0073480606079,-11.5948524475098,0.739990234375,-1.072998046875,-0.279296875,0,NaN
2680,285807477,NaN,NaN,NaN,NaN,-8.98550605773926,2.82780075073242,2.7196216583252,40.4434967041016,-15.4517374038696,-11.6756315231323,0.73974609375,-1.076171875,-0.2685546875,0,NaN
2681,285824144,NaN,NaN,NaN,NaN,-9.03715515136719,2.77478909492493,2.6591169834137,41.2273025512695,-15.362943649292,-11.4180192947388,0.738525390625,-1.080078125,-0.2646484375,0,NaN
2682,285840811,NaN,NaN,NaN,NaN,-8.91742610931396,2.74803328514099,2.72574925422668,41.4569931030273,-14.6779489517212,-11.4213609695435,0.74072265625,-1.085205078125,-0.25830078125,0,NaN
2683,285857478,NaN,NaN,NaN,NaN,-8.76928615570068,2.71190142631531,2.8018901348114,40.3617858886719,-14.5255041122437,-11.2281665802002,0.739990234375,-1.09130859375,-0.252685546875,0,NaN
2684,285874145,NaN,NaN,NaN,NaN,-8.69228553771973,2.71772050857544,2.80741548538208,37.6883773803711,-15.7975072860718,-10.8381404876709,0.737060546875,-1.094482421875,-0.248291015625,0,NaN
2685,285890812,NaN,NaN,NaN,NaN,-8.74170970916748,2.74474883079529,2.75229525566101,35.2153244018555,-16.6232852935791,-11.1683664321899,0.73681640625,-1.09765625,-0.2421875,0,NaN
2686,285907479,NaN,NaN,NaN,NaN,-8.82136726379395,2.72146916389465,2.67369437217712,35.1672401428223,-15.9754886627197,-11.9334106445312,0.739013671875,-1.1015625,-0.236572265625,0,NaN
2687,285924146,NaN,NaN,NaN,NaN,-8.81123161315918,2.68210601806641,2.68076992034912,36.0512466430664,-15.8423318862915,-12.1860570907593,0.73779296875,-1.1015625,-0.23583984375,0,NaN
2688,285940813,NaN,NaN,NaN,NaN,-8.66291046142578,2.71780967712402,2.90267562866211,35.8471641540527,-16.2784633636475,-11.7394065856934,0.7392578125,-1.10546875,-0.229248046875,0,NaN
2689,285957480,NaN,NaN,NaN,NaN,-8.59772968292236,2.79479718208313,2.89081525802612,31.9071979522705,-16.7486248016357,-10.9559516906738,0.736572265625,-1.108154296875,-0.225341796875,0,NaN
2690,285974147,NaN,NaN,NaN,NaN,-8.57955932617188,2.74096441268921,2.72114992141724,30.0501480102539,-16.8521938323975,-10.0849943161011,0.73974609375,-1.10986328125,-0.220703125,0,NaN
2691,285990814,NaN,NaN,NaN,NaN,-8.65154457092285,2.67302203178406,2.72516012191772,31.1536197662354,-17.0666561126709,-9.48724555969238,0.73974609375,-1.112060546875,-0.216796875,0,NaN
2692,286007481,NaN,NaN,NaN,NaN,-8.74427700042725,2.70353627204895,2.84102916717529,31.8291301727295,-17.3161277770996,-10.072039604187,0.73779296875,-1.116943359375,-0.212890625,0,NaN
2693,286024148,NaN,NaN,NaN,NaN,-8.77523517608643,2.77172899246216,2.89081120491028,31.8455619812012,-16.8171005249023,-11.2546863555908,0.73779296875,-1.119873046875,-0.21240234375,0,NaN
2694,286040815,NaN,NaN,NaN,NaN,-8.7178258895874,2.75256085395813,2.89391589164734,30.434476852417,-16.5761795043945,-11.7387256622314,0.73779296875,-1.119873046875,-0.207763671875,0,NaN
2695,286057482,NaN,NaN,NaN,NaN,-8.66667556762695,2.74240708351135,2.92595481872559,28.1881561279297,-17.0802841186523,-12.0492124557495,0.736572265625,-1.1220703125,-0.205078125,0,NaN
2696,286074149,NaN,NaN,NaN,NaN,-8.7048225402832,2.7379002571106,2.96304488182068,27.0261821746826,-18.1778087615967,-12.8926811218262,0.733642578125,-1.120849609375,-0.20068359375,0,NaN
2697,286090816,NaN,NaN,NaN,NaN,-8.63968276977539,2.73216032981873,3.00203466415405,26.4955215454102,-18.588020324707,-13.5197582244873,0.737548828125,-1.12255859375,-0.199462890625,0,NaN
2698,286107483,NaN,NaN,NaN,NaN,-8.68203830718994,2.74357128143311,2.94704103469849,25.7239589691162,-18.9951877593994,-13.7594318389893,0.7392578125,-1.124755859375,-0.19775390625,0,NaN
2699,286124150,NaN,NaN,NaN,NaN,-8.71073532104492,2.68336319923401,3.02506256103516,25.9070091247559,-19.7268486022949,-12.8605422973633,0.74072265625,-1.12744140625,-0.192626953125,0,NaN
2700,286140817,NaN,NaN,NaN,NaN,-8.78045845031738,2.66358184814453,3.10218262672424,24.946928024292,-20.3971271514893,-11.4113874435425,0.74072265625,-1.126953125,-0.193359375,0,NaN
2701,286157484,NaN,NaN,NaN,NaN,-8.77250194549561,2.67423105239868,3.05486416816711,24.4578762054443,-20.9145050048828,-10.3214082717896,0.73681640625,-1.12646484375,-0.1943359375,0,NaN
2702,286174151,NaN,NaN,NaN,NaN,-8.77320194244385,2.64025378227234,3.02180194854736,24.5947227478027,-20.9039363861084,-9.25624847412109,0.736328125,-1.129638671875,-0.19091796875,0,NaN
2703,286190818,NaN,NaN,NaN,NaN,-8.80004692077637,2.63580751419067,3.07096457481384,23.469799041748,-20.249828338623,-8.91888523101807,0.736328125,-1.130859375,-0.189453125,0,NaN
2704,286207485,NaN,NaN,NaN,NaN,-8.84928703308105,2.56658244132996,3.18734788894653,23.4112224578857,-19.8055362701416,-8.76873016357422,0.735107421875,-1.133056640625,-0.18701171875,0,NaN
2705,286224152,NaN,NaN,NaN,NaN,-8.88503360748291,2.6081645488739,3.29260659217834,23.5672607421875,-20.3484687805176,-8.73170852661133,0.7333984375,-1.133056640625,-0.1865234375,0,NaN
2706,286240819,NaN,NaN,NaN,NaN,-8.8699893951416,2.76242733001709,3.33760237693787,22.6809024810791,-20.8269519805908,-9.1588659286499,0.73291015625,-1.134521484375,-0.187744140625,0,NaN
2707,286257486,NaN,NaN,NaN,NaN,-8.90501880645752,2.82141065597534,3.29349493980408,21.924144744873,-20.5347728729248,-9.54381275177002,0.732666015625,-1.13671875,-0.18310546875,0,NaN
2708,286274153,NaN,NaN,NaN,NaN,-8.9588794708252,2.77952337265015,3.31039762496948,22.0928535461426,-19.1076488494873,-10.1568145751953,0.73046875,-1.1357421875,-0.18212890625,0,NaN
2709,286290820,NaN,NaN,NaN,NaN,-8.93778419494629,2.66570830345154,3.33522462844849,21.4204597473145,-17.8127670288086,-10.9632682800293,0.732177734375,-1.137451171875,-0.180908203125,0,NaN
2710,286307487,NaN,NaN,NaN,NaN,-8.94314193725586,2.62790322303772,3.46740055084229,20.5955352783203,-18.0197277069092,-10.7334690093994,0.733154296875,-1.138916015625,-0.180908203125,0,NaN
2711,286324154,NaN,NaN,NaN,NaN,-8.96497058868408,2.77946639060974,3.62765717506409,20.2341117858887,-18.4834594726562,-10.137791633606,0.73095703125,-1.13720703125,-0.1787109375,0,NaN
2712,286340821,NaN,NaN,NaN,NaN,-8.95229434967041,2.85375189781189,3.54573178291321,19.0347385406494,-17.5543899536133,-9.98545742034912,0.7314453125,-1.1396484375,-0.1787109375,0,NaN
2713,286357488,NaN,NaN,NaN,NaN,-8.96268463134766,2.78119683265686,3.35337448120117,17.6275653839111,-15.9091348648071,-9.81327247619629,0.732666015625,-1.1396484375,-0.177490234375,0,NaN
2714,286374155,NaN,NaN,NaN,NaN,-8.95858097076416,2.66708397865295,3.37537312507629,18.3680515289307,-14.0577926635742,-9.41366004943848,0.733154296875,-1.1396484375,-0.17529296875,0,NaN
2715,286390822,NaN,NaN,NaN,NaN,-8.99003505706787,2.574786901474,3.64054346084595,19.6186351776123,-12.6279850006104,-8.5335807800293,0.73193359375,-1.14111328125,-0.173095703125,0,NaN
2716,286407489,NaN,NaN,NaN,NaN,-9.01901817321777,2.58251237869263,3.7225558757782,17.0049457550049,-12.0731039047241,-7.32861185073853,0.732421875,-1.14111328125,-0.1708984375,0,NaN
2717,286424156,NaN,NaN,NaN,NaN,-8.95291996002197,2.61217379570007,3.6397078037262,15.7943296432495,-11.4879894256592,-6.02074718475342,0.73291015625,-1.142822265625,-0.169677734375,0,NaN
2718,286440823,NaN,NaN,NaN,NaN,-8.87265205383301,2.63629817962646,3.53507924079895,15.8968133926392,-10.514289855957,-4.80870771408081,0.734619140625,-1.14453125,-0.166259765625,0,NaN
2719,286457490,NaN,NaN,NaN,NaN,-8.84170436859131,2.58064579963684,3.56205439567566,16.1607341766357,-9.4354419708252,-3.79531383514404,0.731201171875,-1.1455078125,-0.166259765625,0,NaN
2720,286474157,NaN,NaN,NaN,NaN,-8.81819152832031,2.53315424919128,3.63173079490662,15.8551588058472,-8.44400501251221,-3.91028237342834,0.731201171875,-1.1484375,-0.16357421875,0,NaN
2721,286490824,NaN,NaN,NaN,NaN,-8.78164768218994,2.55542278289795,3.70146512985229,15.4666891098022,-7.96970796585083,-4.14294862747192,0.72900390625,-1.14892578125,-0.162353515625,0,NaN
2722,286507491,NaN,NaN,NaN,NaN,-8.6642894744873,2.6244330406189,3.69732308387756,14.2128238677979,-7.46211242675781,-4.47181463241577,0.73046875,-1.148193359375,-0.158935546875,0,NaN
2723,286524158,NaN,NaN,NaN,NaN,-8.68992328643799,2.71102952957153,3.63410305976868,11.9258193969727,-6.90724468231201,-4.59313488006592,0.73388671875,-1.147705078125,-0.158935546875,0,NaN
2724,286540825,NaN,NaN,NaN,NaN,-8.72908210754395,2.72587156295776,3.6391270160675,12.4517574310303,-6.83151340484619,-4.09839344024658,0.732177734375,-1.1494140625,-0.161376953125,0,NaN
2725,286557492,NaN,NaN,NaN,NaN,-8.66414451599121,2.80760788917542,3.60484862327576,12.7144165039062,-5.23229455947876,-4.44484424591064,0.735595703125,-1.150634765625,-0.15576171875,0,NaN
2726,286574159,NaN,NaN,NaN,NaN,-8.54685497283936,2.76162219047546,3.46982526779175,12.1859083175659,-4.38651037216187,-4.78539037704468,0.736083984375,-1.150634765625,-0.15576171875,0,NaN
2727,286590826,NaN,NaN,NaN,NaN,-8.56575012207031,2.79079103469849,3.54028725624084,11.5330657958984,-3.94912195205688,-5.05481004714966,0.733642578125,-1.147705078125,-0.151123046875,0,NaN
2728,286607493,NaN,NaN,NaN,NaN,-8.67301559448242,2.78925061225891,3.64252805709839,11.9029531478882,-4.3054461479187,-6.18687915802002,0.73583984375,-1.151123046875,-0.146728515625,0,NaN
2729,286624160,NaN,NaN,NaN,NaN,-8.70385932922363,2.8534734249115,3.55862283706665,12.7831354141235,-4.15749502182007,-7.88273668289185,0.73974609375,-1.148193359375,-0.1484375,0,NaN
2730,286640827,NaN,NaN,NaN,NaN,-8.68653011322021,2.95775294303894,3.4029688835144,12.3976392745972,-3.78413867950439,-8.89632129669189,0.73876953125,-1.150634765625,-0.147705078125,0,NaN
2731,286657494,NaN,NaN,NaN,NaN,-8.72306632995605,2.89507079124451,3.36261439323425,12.6211795806885,-2.94012880325317,-8.56128787994385,0.73974609375,-1.151611328125,-0.14599609375,0,NaN
2732,286674161,NaN,NaN,NaN,NaN,-8.84444522857666,2.77887940406799,3.47188425064087,12.87619972229,-2.89600467681885,-7.91901683807373,0.741943359375,-1.1494140625,-0.139404296875,0,NaN
2733,286690828,NaN,NaN,NaN,NaN,-8.87559223175049,2.71453833580017,3.50832223892212,12.9633989334106,-3.93626546859741,-7.44003486633301,0.741455078125,-1.14990234375,-0.14208984375,0,NaN
2734,286707495,NaN,NaN,NaN,NaN,-8.80974674224854,2.74068355560303,3.43125700950623,14.0883483886719,-4.67713928222656,-7.60208749771118,0.742919921875,-1.1494140625,-0.135986328125,0,NaN
2735,286724162,NaN,NaN,NaN,NaN,-8.76807880401611,2.68525695800781,3.33781027793884,14.1512279510498,-4.70513439178467,-8.28603744506836,0.74560546875,-1.14990234375,-0.132080078125,0,NaN
2736,286740829,NaN,NaN,NaN,NaN,-8.83203029632568,2.59324097633362,3.41660118103027,16.4505386352539,-5.04336500167847,-9.05677700042725,0.74560546875,-1.148193359375,-0.13427734375,0,NaN
2737,286757496,NaN,NaN,NaN,NaN,-8.77176475524902,2.63072943687439,3.52558064460754,16.9781398773193,-5.30790710449219,-9.43194198608398,0.75,-1.1494140625,-0.13037109375,0,NaN
2738,286774163,NaN,NaN,NaN,NaN,-8.72124099731445,2.72491312026978,3.48349213600159,14.8706798553467,-5.66878843307495,-9.17734909057617,0.7509765625,-1.148681640625,-0.125244140625,0,NaN
2739,286790830,NaN,NaN,NaN,NaN,-8.66433620452881,2.62906694412231,3.49360084533691,13.3925199508667,-6.18305778503418,-8.08581352233887,0.75,-1.147216796875,-0.1259765625,0,NaN
2740,286807497,NaN,NaN,NaN,NaN,-8.68016719818115,2.52963066101074,3.50670695304871,12.2380599975586,-6.52443170547485,-7.90402221679688,0.75048828125,-1.14990234375,-0.124267578125,0,NaN
2741,286824164,NaN,NaN,NaN,NaN,-8.77531147003174,2.46099209785461,3.45415830612183,12.9789209365845,-6.69448709487915,-8.11950302124023,0.751953125,-1.14990234375,-0.120361328125,0,NaN
2742,286840831,NaN,NaN,NaN,NaN,-8.72983169555664,2.4509859085083,3.50592851638794,14.0045957565308,-6.21947383880615,-7.9028959274292,0.751953125,-1.148193359375,-0.119140625,0,NaN
2743,286857498,NaN,NaN,NaN,NaN,-8.64054298400879,2.4133083820343,3.48662614822388,11.7830600738525,-5.50710582733154,-7.55178165435791,0.757080078125,-1.148193359375,-0.117431640625,0,NaN
2744,286874165,NaN,NaN,NaN,NaN,-8.63245010375977,2.29191160202026,3.55190801620483,10.9692535400391,-6.15194416046143,-6.71623039245605,0.757080078125,-1.14599609375,-0.116455078125,0,NaN
2745,286890832,NaN,NaN,NaN,NaN,-8.67134571075439,2.28989458084106,3.64935040473938,11.4543600082397,-6.82695531845093,-5.47378301620483,0.755859375,-1.14697265625,-0.11474609375,0,NaN
2746,286907499,NaN,NaN,NaN,NaN,-8.69593524932861,2.43222188949585,3.61610865592957,10.8957347869873,-5.90686941146851,-5.19507884979248,0.75634765625,-1.147705078125,-0.113037109375,0,NaN
2747,286924166,NaN,NaN,NaN,NaN,-8.6437520980835,2.33467531204224,3.44686007499695,10.1570348739624,-4.76771688461304,-4.44070625305176,0.759765625,-1.14501953125,-0.115234375,0,NaN
2748,286940833,NaN,NaN,NaN,NaN,-8.67012214660645,2.23980951309204,3.50822949409485,9.80069732666016,-4.58117914199829,-3.47007441520691,0.7607421875,-1.147216796875,-0.11181640625,0,NaN
2749,286957500,NaN,NaN,NaN,NaN,-8.75904083251953,2.29753732681274,3.70757365226746,10.3092956542969,-5.07425546646118,-3.69644546508789,0.758544921875,-1.14599609375,-0.109619140625,0,NaN
2750,286974167,NaN,NaN,NaN,NaN,-8.69052410125732,2.43588662147522,3.72843194007874,9.90622234344482,-4.74380779266357,-4.52876329421997,0.758544921875,-1.14599609375,-0.110107421875,0,NaN
2751,286990834,NaN,NaN,NaN,NaN,-8.63831520080566,2.52720427513123,3.59201884269714,5.81831693649292,-4.08111572265625,-4.12712907791138,0.7607421875,-1.144775390625,-0.107421875,0,NaN
2752,287007501,NaN,NaN,NaN,NaN,-8.63708400726318,2.42361950874329,3.55946588516235,3.89394474029541,-3.80869913101196,-3.18136692047119,0.76025390625,-1.144775390625,-0.107421875,0,NaN
2753,287024168,NaN,NaN,NaN,NaN,-8.77191543579102,2.35510945320129,3.66344690322876,5.15449857711792,-4.13600254058838,-3.08239912986755,0.762939453125,-1.147705078125,-0.107421875,0,NaN
2754,287040835,NaN,NaN,NaN,NaN,-8.79100704193115,2.38719320297241,3.6250171661377,7.32077026367188,-4.17506313323975,-3.89521884918213,0.76025390625,-1.1455078125,-0.107421875,0,NaN
2755,287057502,NaN,NaN,NaN,NaN,-8.71703243255615,2.49540734291077,3.57961010932922,7.49765157699585,-3.87903094291687,-3.49877214431763,0.7607421875,-1.14599609375,-0.105224609375,0,NaN
2756,287074169,NaN,NaN,NaN,NaN,-8.70196437835693,2.43878793716431,3.60709023475647,5.04636192321777,-2.75611877441406,-2.39928269386292,0.762939453125,-1.146484375,-0.105224609375,0,NaN
2757,287090836,NaN,NaN,NaN,NaN,-8.68997287750244,2.25832462310791,3.67450404167175,4.72928953170776,-2.70165348052979,-1.18507409095764,0.76123046875,-1.144775390625,-0.105712890625,0,NaN
2758,287107503,NaN,NaN,NaN,NaN,-8.70684146881104,2.26953935623169,3.64647960662842,4.19109010696411,-2.0566234588623,-0.958158493041992,0.763916015625,-1.146484375,-0.105224609375,0,NaN
2759,287124170,NaN,NaN,NaN,NaN,-8.6783275604248,2.27882051467896,3.55755734443665,5.56336736679077,-1.93562889099121,-0.293457537889481,0.764404296875,-1.148193359375,-0.102783203125,0,NaN
2760,287140837,NaN,NaN,NaN,NaN,-8.71692276000977,2.37699961662292,3.68565583229065,6.20162296295166,-1.77255260944366,0.668433845043182,0.762939453125,-1.14697265625,-0.105224609375,0,NaN
2761,287157504,NaN,NaN,NaN,NaN,-8.76404094696045,2.47261881828308,3.72750878334045,3.63074803352356,-1.56711339950562,0.763136863708496,0.764404296875,-1.14599609375,-0.102294921875,0,NaN
2762,287174171,NaN,NaN,NaN,NaN,-8.80975532531738,2.48148775100708,3.59321594238281,1.95013177394867,-1.20918822288513,1.18191707134247,0.762939453125,-1.147705078125,-0.103515625,0,NaN
2763,287190838,NaN,NaN,NaN,NaN,-8.8220100402832,2.48757719993591,3.55777144432068,3.18115472793579,-0.336397171020508,1.3913266658783,0.76171875,-1.148193359375,-0.10107421875,0,NaN
2764,287207505,NaN,NaN,NaN,NaN,-8.7762336730957,2.45160174369812,3.63435888290405,4.09750032424927,0.0196001175791025,1.24702477455139,0.760498046875,-1.148681640625,-0.1005859375,0,NaN
2765,287224172,NaN,NaN,NaN,NaN,-8.75454139709473,2.52494835853577,3.62610840797424,3.67290568351746,0.171867623925209,0.553343117237091,0.763427734375,-1.148193359375,-0.098388671875,0,NaN
2766,287240839,NaN,NaN,NaN,NaN,-8.7160530090332,2.56042504310608,3.66730380058289,3.78215742111206,0.190488085150719,0.503680169582367,0.76220703125,-1.14990234375,-0.10009765625,0,NaN
2767,287257506,NaN,NaN,NaN,NaN,-8.72709274291992,2.53087544441223,3.60634827613831,2.45596981048584,0.275816768407822,0.331716477870941,0.760986328125,-1.149169921875,-0.098876953125,0,NaN
2768,287274173,NaN,NaN,NaN,NaN,-8.71866607666016,2.46879053115845,3.56139826774597,0.923997282981873,-0.00756855169311166,-0.0636859685182571,0.76220703125,-1.14990234375,-0.0966796875,0,NaN
2769,287290840,NaN,NaN,NaN,NaN,-8.75659942626953,2.43228507041931,3.52633571624756,1.77316069602966,-0.140857025980949,-0.61547315120697,0.764404296875,-1.149169921875,-0.09716796875,0,NaN
2770,287307507,NaN,NaN,NaN,NaN,-8.73240280151367,2.40654563903809,3.55455708503723,3.00105929374695,0.312071532011032,-0.998716056346893,0.76318359375,-1.15087890625,-0.09716796875,0,NaN
2771,287324174,NaN,NaN,NaN,NaN,-8.73672199249268,2.38205409049988,3.57111644744873,2.18800330162048,0.35138064622879,-0.959125280380249,0.764404296875,-1.148681640625,-0.09716796875,0,NaN
2772,287340841,NaN,NaN,NaN,NaN,-8.725417137146,2.39033317565918,3.56349086761475,0.519700825214386,-0.169889017939568,-0.492993175983429,0.763671875,-1.148681640625,-0.094482421875,0,NaN
2773,287357508,NaN,NaN,NaN,NaN,-8.76163291931152,2.38673567771912,3.53091096878052,0.338811159133911,-0.699687659740448,0.0290896221995354,0.7626953125,-1.148681640625,-0.0966796875,0,NaN
2774,287374175,NaN,NaN,NaN,NaN,-8.82181739807129,2.43784427642822,3.49816632270813,0.408042311668396,-0.87573653459549,0.203281581401825,0.76611328125,-1.150390625,-0.09619140625,0,NaN
2775,287390842,NaN,NaN,NaN,NaN,-8.8056058883667,2.39118480682373,3.48833823204041,1.32703876495361,-0.769495129585266,0.39783564209938,0.764404296875,-1.151611328125,-0.098388671875,0,NaN
2776,287407509,NaN,NaN,NaN,NaN,-8.74435520172119,2.39131546020508,3.56320691108704,1.45416712760925,-0.9765864610672,0.927915871143341,0.764404296875,-1.149169921875,-0.09619140625,0,NaN
2777,287424176,NaN,NaN,NaN,NaN,-8.67575263977051,2.4652247428894,3.5856454372406,0.689385056495667,-1.17756950855255,1.17897176742554,0.763916015625,-1.149169921875,-0.097900390625,0,NaN
2778,287440843,NaN,NaN,NaN,NaN,-8.706862449646,2.45532011985779,3.54149103164673,0.0468904487788677,-1.44323718547821,1.86374032497406,0.76318359375,-1.14990234375,-0.095458984375,0,NaN
2779,287457510,NaN,NaN,NaN,NaN,-8.73276805877686,2.46850681304932,3.54875230789185,1.088738322258,-1.67440474033356,3.10584092140198,0.7626953125,-1.14990234375,-0.099609375,0,NaN
2780,287474177,NaN,NaN,NaN,NaN,-8.72575187683105,2.4832775592804,3.57150721549988,2.00813174247742,-1.42092847824097,3.78030014038086,0.760986328125,-1.148681640625,-0.098876953125,0,NaN
2781,287490844,NaN,NaN,NaN,NaN,-8.71545600891113,2.53054070472717,3.57205581665039,1.42096066474915,-1.18903124332428,4.17367315292358,0.760986328125,-1.152587890625,-0.0966796875,0,NaN
2782,287507511,NaN,NaN,NaN,NaN,-8.71534538269043,2.57275605201721,3.55885767936707,1.32269752025604,-0.954124271869659,3.99900698661804,0.760986328125,-1.152099609375,-0.093994140625,0,NaN
2783,287524178,NaN,NaN,NaN,NaN,-8.75879192352295,2.6550669670105,3.59422206878662,1.45811200141907,-0.445059150457382,3.48848223686218,0.76171875,-1.154296875,-0.098388671875,0,NaN
2784,287540845,NaN,NaN,NaN,NaN,-8.79497051239014,2.65300750732422,3.60189890861511,1.13370144367218,-0.306788921356201,2.99092936515808,0.760986328125,-1.156494140625,-0.09619140625,0,NaN
2785,287557512,NaN,NaN,NaN,NaN,-8.7847900390625,2.71396136283875,3.60193967819214,1.00357604026794,0.0521666668355465,2.61220717430115,0.757080078125,-1.153564453125,-0.097900390625,0,NaN
2786,287574179,NaN,NaN,NaN,NaN,-8.7643346786499,2.73220014572144,3.60599422454834,1.09361732006073,0.375770330429077,2.37457275390625,0.760986328125,-1.156005859375,-0.098876953125,0,NaN
2787,287590846,NaN,NaN,NaN,NaN,-8.77306175231934,2.76834630966187,3.50914263725281,1.41660630702972,0.722719967365265,1.8460545539856,0.75830078125,-1.154296875,-0.094970703125,0,NaN
2788,287607513,NaN,NaN,NaN,NaN,-8.77668380737305,2.72163987159729,3.5687849521637,2.33966255187988,0.914571940898895,1.53730607032776,0.7587890625,-1.1552734375,-0.09716796875,0,NaN
2789,287624180,NaN,NaN,NaN,NaN,-8.75096130371094,2.712233543396,3.5819525718689,1.80846810340881,0.843778431415558,0.76408451795578,0.7587890625,-1.15478515625,-0.094482421875,0,NaN
2790,287640847,NaN,NaN,NaN,NaN,-8.7774829864502,2.66444396972656,3.53141045570374,0.577169418334961,0.982989728450775,0.0538506992161274,0.757568359375,-1.15576171875,-0.0927734375,0,NaN
2791,287657514,NaN,NaN,NaN,NaN,-8.68741798400879,2.61120700836182,3.49257326126099,0.448792159557343,0.978501260280609,-0.482389599084854,0.7587890625,-1.153076171875,-0.094482421875,0,NaN
2792,287674181,NaN,NaN,NaN,NaN,-8.67851829528809,2.59547424316406,3.45251560211182,0.331281065940857,0.849950969219208,-1.27651131153107,0.760986328125,-1.153564453125,-0.095458984375,0,NaN
2793,287690848,NaN,NaN,NaN,NaN,-8.70747184753418,2.5962827205658,3.49289441108704,0.596692621707916,0.686746954917908,-1.87724423408508,0.761474609375,-1.152587890625,-0.091552734375,0,NaN
2794,287707515,NaN,NaN,NaN,NaN,-8.72273445129395,2.6392035484314,3.48243308067322,0.566085457801819,0.602365851402283,-2.17517137527466,0.760498046875,-1.1552734375,-0.09716796875,0,NaN
2795,287724182,NaN,NaN,NaN,NaN,-8.71229267120361,2.64188432693481,3.4362781047821,0.709516584873199,0.627850472927094,-1.80140519142151,0.761474609375,-1.153564453125,-0.094482421875,0,NaN
2796,287740849,NaN,NaN,NaN,NaN,-8.69540977478027,2.59547352790833,3.45993638038635,1.36270451545715,0.278762221336365,-0.93979400396347,0.760986328125,-1.153564453125,-0.094482421875,0,NaN
2797,287757516,NaN,NaN,NaN,NaN,-8.77060031890869,2.60493683815002,3.46687150001526,1.36798071861267,0.282360821962357,-0.395729035139084,0.763671875,-1.15087890625,-0.09228515625,0,NaN
2798,287774183,NaN,NaN,NaN,NaN,-8.78448390960693,2.52079796791077,3.44382858276367,1.33578550815582,0.412242829799652,0.11441832780838,0.764404296875,-1.150390625,-0.093994140625,0,NaN
2799,287790850,NaN,NaN,NaN,NaN,-8.74402618408203,2.5019953250885,3.45286822319031,2.21695232391357,0.580274939537048,0.397003293037415,0.76318359375,-1.1513671875,-0.09228515625,0,NaN
2800,287807517,NaN,NaN,NaN,NaN,-8.71593475341797,2.52859091758728,3.46290826797485,2.266845703125,0.444540441036224,0.810469150543213,0.761962890625,-1.152099609375,-0.09228515625,0,NaN
2801,287824184,NaN,NaN,NaN,NaN,-8.71450328826904,2.53226327896118,3.47312140464783,1.77410852909088,0.105428278446198,1.2166736125946,0.764892578125,-1.153564453125,-0.090576171875,0,NaN
2802,287840851,NaN,NaN,NaN,NaN,-8.68784427642822,2.51599526405334,3.43832659721375,1.97959935665131,0.605221748352051,1.24480938911438,0.76416015625,-1.152587890625,-0.08984375,0,NaN
2803,287857518,NaN,NaN,NaN,NaN,-8.65986633300781,2.48844385147095,3.46781134605408,2.02448558807373,0.310432314872742,1.27285516262054,0.761474609375,-1.153564453125,-0.090576171875,0,NaN
2804,287874185,NaN,NaN,NaN,NaN,-8.66182708740234,2.57296633720398,3.53644919395447,0.252214670181274,0.109347030520439,0.939608335494995,0.76318359375,-1.153564453125,-0.0888671875,0,NaN
2805,287890852,NaN,NaN,NaN,NaN,-8.68769073486328,2.5386528968811,3.44819331169128,-0.614640712738037,-0.0894139260053635,0.490976214408875,0.761962890625,-1.153564453125,-0.091064453125,0,NaN
2806,287907519,NaN,NaN,NaN,NaN,-8.75353145599365,2.52075672149658,3.4063823223114,-0.80143415927887,-0.545973181724548,0.115391604602337,0.760498046875,-1.154296875,-0.0927734375,0,NaN
2807,287924186,NaN,NaN,NaN,NaN,-8.77892971038818,2.52172422409058,3.45429062843323,-0.0313499420881271,-0.942022264003754,0.332625716924667,0.761474609375,-1.152587890625,-0.0927734375,0,NaN
2808,287940853,NaN,NaN,NaN,NaN,-8.80874538421631,2.63848328590393,3.49233150482178,0.159637540578842,-1.05254101753235,0.467386901378632,0.761962890625,-1.153564453125,-0.093994140625,0,NaN
2809,287957520,NaN,NaN,NaN,NaN,-8.79072189331055,2.69867444038391,3.46166372299194,-0.240503236651421,-0.800755441188812,0.654833436012268,0.763671875,-1.149658203125,-0.091064453125,0,NaN
2810,287974187,NaN,NaN,NaN,NaN,-8.76538753509521,2.63644933700562,3.40977501869202,0.566648960113525,-0.653725802898407,0.680958449840546,0.763671875,-1.154296875,-0.09228515625,0,NaN
2811,287990854,NaN,NaN,NaN,NaN,-8.78976058959961,2.66720652580261,3.48554491996765,2.21435880661011,-0.660890936851501,0.792226433753967,0.764892578125,-1.150390625,-0.094482421875,0,NaN
2812,288007521,NaN,NaN,NaN,NaN,-8.78653812408447,2.740309715271,3.51848101615906,2.07658171653748,-0.435044527053833,0.307768613100052,0.763671875,-1.1552734375,-0.091064453125,0,NaN
2813,288024188,NaN,NaN,NaN,NaN,-8.73033046722412,2.75022292137146,3.4647114276886,1.29721283912659,0.0831836462020874,-0.416039913892746,0.76318359375,-1.156005859375,-0.093994140625,0,NaN
2814,288040855,NaN,NaN,NaN,NaN,-8.70899295806885,2.65235948562622,3.4722113609314,1.23264312744141,0.14049206674099,-0.83647233247757,0.763671875,-1.154296875,-0.0888671875,0,NaN
2815,288057522,NaN,NaN,NaN,NaN,-8.72255420684814,2.63936686515808,3.52428245544434,0.98405909538269,0.611381530761719,-1.82599341869354,0.763671875,-1.152099609375,-0.091552734375,0,NaN
2816,288074189,NaN,NaN,NaN,NaN,-8.69030952453613,2.5919361114502,3.47703742980957,0.490438371896744,0.594054520130157,-2.52520728111267,0.76318359375,-1.153076171875,-0.091552734375,0,NaN
2817,288090856,NaN,NaN,NaN,NaN,-8.7197265625,2.57915854454041,3.40189170837402,-0.335475146770477,0.56175696849823,-2.13600945472717,0.766357421875,-1.153076171875,-0.08984375,0,NaN
2818,288107523,NaN,NaN,NaN,NaN,-8.71249389648438,2.51490879058838,3.39195013046265,0.209646329283714,0.786918163299561,-1.44018924236298,0.76708984375,-1.153076171875,-0.0888671875,0,NaN
2819,288124190,NaN,NaN,NaN,NaN,-8.71202087402344,2.47382116317749,3.38629722595215,0.405455440282822,0.948406338691711,-0.778920650482178,0.76806640625,-1.1513671875,-0.08935546875,0,NaN
2820,288140857,NaN,NaN,NaN,NaN,-8.73691940307617,2.44864892959595,3.40376949310303,1.18269836902618,0.336557269096375,0.0211624931544065,0.765869140625,-1.14990234375,-0.091064453125,0,NaN
2821,288157524,NaN,NaN,NaN,NaN,-8.75587368011475,2.4790403842926,3.43032383918762,1.10639822483063,-0.129613071680069,0.710259437561035,0.76806640625,-1.15087890625,-0.08837890625,0,NaN
2822,288174191,NaN,NaN,NaN,NaN,-8.72108936309814,2.50704145431519,3.35415768623352,1.07335770130157,-0.298695266246796,1.11600303649902,0.766357421875,-1.15087890625,-0.08935546875,0,NaN
2823,288190858,NaN,NaN,NaN,NaN,-8.69028949737549,2.45385646820068,3.36585974693298,0.559682250022888,-0.623899698257446,1.65059089660645,0.765380859375,-1.149169921875,-0.090087890625,0,NaN
2824,288207525,NaN,NaN,NaN,NaN,-8.71500015258789,2.50788950920105,3.41071200370789,0.293246239423752,-1.21757650375366,1.69143068790436,0.767578125,-1.149658203125,-0.087158203125,0,NaN
2825,288224192,NaN,NaN,NaN,NaN,-8.72182083129883,2.55322408676147,3.44081163406372,1.53069829940796,-1.14137876033783,1.58679008483887,0.76416015625,-1.15185546875,-0.087646484375,0,NaN
2826,288240859,NaN,NaN,NaN,NaN,-8.76306343078613,2.61557674407959,3.44608283042908,1.47970342636108,-1.41370570659637,1.76230084896088,0.766357421875,-1.149169921875,-0.08837890625,0,NaN
2827,288257526,NaN,NaN,NaN,NaN,-8.75062465667725,2.62014055252075,3.43946313858032,0.985832929611206,-1.42694115638733,1.76520180702209,0.765380859375,-1.153564453125,-0.0888671875,0,NaN
2828,288274193,NaN,NaN,NaN,NaN,-8.75710773468018,2.63170790672302,3.44793701171875,0.651619076728821,-1.35139000415802,1.23944330215454,0.76416015625,-1.1513671875,-0.087646484375,0,NaN
2829,288290860,NaN,NaN,NaN,NaN,-8.76086902618408,2.61095380783081,3.4635021686554,0.98913037776947,-1.20424509048462,0.320434093475342,0.765380859375,-1.15380859375,-0.091064453125,0,NaN
2830,288307527,NaN,NaN,NaN,NaN,-8.75359916687012,2.61344957351685,3.48452162742615,1.27421247959137,-1.18115508556366,-0.65127968788147,0.765380859375,-1.152099609375,-0.08837890625,0,NaN
2831,288324194,NaN,NaN,NaN,NaN,-8.74738025665283,2.58497405052185,3.53996539115906,0.498327076435089,-1.30227780342102,-1.1086585521698,0.765869140625,-1.1513671875,-0.091064453125,0,NaN
2832,288340861,NaN,NaN,NaN,NaN,-8.7379150390625,2.58519649505615,3.5413658618927,0.173967868089676,-1.47091174125671,-0.89886486530304,0.76806640625,-1.15087890625,-0.091064453125,0,NaN
2833,288357528,NaN,NaN,NaN,NaN,-8.73746395111084,2.62011289596558,3.48407316207886,-0.503328025341034,-1.45961654186249,-0.305854022502899,0.765380859375,-1.150390625,-0.08935546875,0,NaN
2834,288374195,NaN,NaN,NaN,NaN,-8.76088905334473,2.55847311019897,3.43795609474182,0.497776389122009,-0.701403737068176,0.533928632736206,0.76318359375,-1.152587890625,-0.087646484375,0,NaN
2835,288390862,NaN,NaN,NaN,NaN,-8.80608654022217,2.49601554870605,3.4919273853302,1.68920230865479,-0.562045097351074,1.16197788715363,0.766357421875,-1.153076171875,-0.091064453125,0,NaN
2836,288407529,NaN,NaN,NaN,NaN,-8.76577091217041,2.51554322242737,3.52161622047424,2.22783088684082,-0.636020958423615,1.38441753387451,0.76806640625,-1.148681640625,-0.087646484375,0,NaN
2837,288424196,NaN,NaN,NaN,NaN,-8.74832057952881,2.59049344062805,3.48021602630615,1.41979491710663,-0.553247034549713,1.35085844993591,0.766357421875,-1.152099609375,-0.08837890625,0,NaN
2838,288440863,NaN,NaN,NaN,NaN,-8.82495975494385,2.60360240936279,3.46938991546631,0.275445401668549,-0.267294138669968,1.66964721679688,0.764404296875,-1.1513671875,-0.0927734375,0,NaN
2839,288457530,NaN,NaN,NaN,NaN,-8.78028774261475,2.56846237182617,3.44687438011169,0.632191777229309,0.11763272434473,1.73627841472626,0.765869140625,-1.150390625,-0.091064453125,0,NaN
2840,288474197,NaN,NaN,NaN,NaN,-8.78979110717773,2.53752565383911,3.44164824485779,1.53405344486237,-0.113451458513737,1.70038247108459,0.7646484375,-1.152587890625,-0.0888671875,0,NaN
2841,288490864,NaN,NaN,NaN,NaN,-8.77928352355957,2.61524033546448,3.465167760849,1.97282457351685,-0.348140597343445,1.8815153837204,0.765380859375,-1.15087890625,-0.090576171875,0,NaN
2842,288507531,NaN,NaN,NaN,NaN,-8.78184127807617,2.68827795982361,3.45425295829773,1.83812749385834,0.108437769114971,1.60979020595551,0.76416015625,-1.152099609375,-0.090576171875,0,NaN
2843,288524198,NaN,NaN,NaN,NaN,-8.79352855682373,2.62976574897766,3.45868968963623,1.00577878952026,0.41713485121727,1.07160329818726,0.765869140625,-1.156005859375,-0.090576171875,0,NaN
2844,288540865,NaN,NaN,NaN,NaN,-8.79768657684326,2.63807606697083,3.48215508460999,0.845046162605286,0.335788905620575,0.425932765007019,0.76416015625,-1.153076171875,-0.08837890625,0,NaN
2845,288557532,NaN,NaN,NaN,NaN,-8.74589157104492,2.66149306297302,3.45003890991211,0.822289288043976,0.403675317764282,-0.532129406929016,0.766357421875,-1.153076171875,-0.0888671875,0,NaN
2846,288574199,NaN,NaN,NaN,NaN,-8.75555324554443,2.66842341423035,3.44420886039734,1.35979747772217,0.196314960718155,-0.703465640544891,0.7646484375,-1.1552734375,-0.084228515625,0,NaN
2847,288590866,NaN,NaN,NaN,NaN,-8.80526351928711,2.63619041442871,3.47785091400146,1.29292261600494,0.229572981595993,-0.750874638557434,0.7646484375,-1.15087890625,-0.08837890625,0,NaN
2848,288607533,NaN,NaN,NaN,NaN,-8.81321620941162,2.61759400367737,3.43096613883972,1.00646388530731,0.382743388414383,-0.997889995574951,0.765869140625,-1.1513671875,-0.08447265625,0,NaN
2849,288624200,NaN,NaN,NaN,NaN,-8.77090740203857,2.58960700035095,3.38535404205322,1.0669481754303,0.387712240219116,-1.10912597179413,0.766357421875,-1.153076171875,-0.08935546875,0,NaN
2850,288640867,NaN,NaN,NaN,NaN,-8.7092170715332,2.55738234519958,3.40465998649597,1.82427096366882,0.12509885430336,-1.12165713310242,0.766845703125,-1.152587890625,-0.0859375,0,NaN
2851,288657534,NaN,NaN,NaN,NaN,-8.72698783874512,2.50739717483521,3.49377393722534,1.75899684429169,-0.0488049983978271,-1.05806052684784,0.767578125,-1.15087890625,-0.0888671875,0,NaN
2852,288674201,NaN,NaN,NaN,NaN,-8.7382287979126,2.51234436035156,3.43172311782837,0.700424194335938,-0.171758785843849,-1.21492564678192,0.7685546875,-1.15087890625,-0.08544921875,0,NaN
2853,288690868,NaN,NaN,NaN,NaN,-8.69820117950439,2.46907019615173,3.3825991153717,0.885181248188019,-0.169159084558487,-0.842491388320923,0.7685546875,-1.152099609375,-0.08544921875,0,NaN
2854,288707535,NaN,NaN,NaN,NaN,-8.71799087524414,2.41242551803589,3.37945294380188,1.12076687812805,-0.407690167427063,-0.285402297973633,0.767578125,-1.1513671875,-0.087158203125,0,NaN
2855,288724202,NaN,NaN,NaN,NaN,-8.68670845031738,2.39889144897461,3.41179418563843,1.0478732585907,-0.712442874908447,0.328963130712509,0.7685546875,-1.1513671875,-0.084228515625,0,NaN
2856,288740869,NaN,NaN,NaN,NaN,-8.73653411865234,2.45972895622253,3.42013192176819,0.309382200241089,-0.973385095596313,0.754146814346313,0.770263671875,-1.152099609375,-0.0859375,0,NaN
2857,288757536,NaN,NaN,NaN,NaN,-8.77156734466553,2.48388957977295,3.40741443634033,0.630975365638733,-1.14326131343842,1.11386442184448,0.76806640625,-1.152099609375,-0.0859375,0,NaN
2858,288774203,NaN,NaN,NaN,NaN,-8.79154586791992,2.53180623054504,3.43451738357544,1.01394903659821,-0.983630061149597,1.27391803264618,0.769287109375,-1.149169921875,-0.08544921875,0,NaN
2859,288790870,NaN,NaN,NaN,NaN,-8.77288246154785,2.49680185317993,3.38123512268066,0.7480508685112,-1.09498131275177,1.44615054130554,0.7685546875,-1.152099609375,-0.087158203125,0,NaN
2860,288807537,NaN,NaN,NaN,NaN,-8.75731658935547,2.53275442123413,3.39954662322998,0.926385819911957,-1.06838881969452,1.73807775974274,0.7685546875,-1.1513671875,-0.08544921875,0,NaN
2861,288824204,NaN,NaN,NaN,NaN,-8.77940082550049,2.56552386283875,3.4558572769165,1.23774003982544,-1.14091753959656,1.91864097118378,0.769775390625,-1.153076171875,-0.08544921875,0,NaN
2862,288840871,NaN,NaN,NaN,NaN,-8.87086200714111,2.61604332923889,3.43707346916199,0.602570772171021,-1.08832204341888,1.76643753051758,0.7685546875,-1.15087890625,-0.087646484375,0,NaN
2863,288857538,NaN,NaN,NaN,NaN,-8.8365592956543,2.59803485870361,3.38309693336487,0.667985618114471,-1.07259571552277,1.68405413627625,0.7646484375,-1.15087890625,-0.08837890625,0,NaN
2864,288874205,NaN,NaN,NaN,NaN,-8.79932594299316,2.55694007873535,3.37841987609863,1.40020132064819,-0.7568039894104,1.1997948884964,0.76806640625,-1.152587890625,-0.087646484375,0,NaN
2865,288890872,NaN,NaN,NaN,NaN,-8.77385330200195,2.56048011779785,3.42360401153564,0.803630471229553,-0.728681266307831,0.473508358001709,0.765869140625,-1.152099609375,-0.086669921875,0,NaN
2866,288907539,NaN,NaN,NaN,NaN,-8.77513885498047,2.58310604095459,3.44361615180969,0.085296705365181,-0.862507700920105,-0.317904829978943,0.766357421875,-1.153076171875,-0.08544921875,0,NaN
2867,288924206,NaN,NaN,NaN,NaN,-8.75647068023682,2.64653134346008,3.38585329055786,-0.536726951599121,-0.854324460029602,-0.948131024837494,0.7685546875,-1.152587890625,-0.0859375,0,NaN
2868,288940873,NaN,NaN,NaN,NaN,-8.76670837402344,2.58098483085632,3.3397912979126,-0.458620995283127,-0.476434618234634,-1.12219476699829,0.76806640625,-1.149169921875,-0.086669921875,0,NaN
2869,288957540,NaN,NaN,NaN,NaN,-8.76538562774658,2.4803729057312,3.36984443664551,-0.00280459015630186,-0.838931143283844,-0.619852840900421,0.765869140625,-1.149169921875,-0.087646484375,0,NaN
2870,288974207,NaN,NaN,NaN,NaN,-8.7416296005249,2.48952412605286,3.39029979705811,-0.413312137126923,-0.896751761436462,-0.482722491025925,0.7685546875,-1.152099609375,-0.087646484375,0,NaN
2871,288990874,NaN,NaN,NaN,NaN,-8.72517013549805,2.53936100006104,3.31057381629944,-0.210164994001389,-0.722418963909149,-0.229861155152321,0.7685546875,-1.14990234375,-0.087646484375,0,NaN
2872,289007541,NaN,NaN,NaN,NaN,-8.74884223937988,2.51517224311829,3.35514545440674,0.0905344784259796,-0.807184159755707,0.421937167644501,0.7685546875,-1.1513671875,-0.0888671875,0,NaN
2873,289024208,NaN,NaN,NaN,NaN,-8.74387264251709,2.48773431777954,3.41662406921387,0.027168670669198,-0.685165286064148,0.771844983100891,0.77099609375,-1.14990234375,-0.087646484375,0,NaN
2874,289040875,NaN,NaN,NaN,NaN,-8.68703937530518,2.44254612922668,3.36918497085571,0.363341748714447,-0.650799453258514,1.25543212890625,0.76806640625,-1.1513671875,-0.08837890625,0,NaN
2875,289057542,NaN,NaN,NaN,NaN,-8.67253017425537,2.46548414230347,3.36058282852173,-0.194080248475075,-1.34430825710297,1.64637804031372,0.767578125,-1.15087890625,-0.08837890625,0,NaN
2876,289074209,NaN,NaN,NaN,NaN,-8.72620391845703,2.51008272171021,3.40152740478516,-1.21830654144287,-1.93739581108093,1.59498596191406,0.76806640625,-1.1513671875,-0.0888671875,0,NaN
2877,289090876,NaN,NaN,NaN,NaN,-8.81647205352783,2.57454609870911,3.36652827262878,-1.1987384557724,-1.54691743850708,1.6362738609314,0.767578125,-1.1513671875,-0.08935546875,0,NaN
2878,289107543,NaN,NaN,NaN,NaN,-8.83115577697754,2.61010360717773,3.3240966796875,-0.301307797431946,-1.46267712116241,1.35459804534912,0.765869140625,-1.149169921875,-0.087646484375,0,NaN
2879,289124210,NaN,NaN,NaN,NaN,-8.824631690979,2.64168405532837,3.40864658355713,0.246733546257019,-1.90388178825378,1.3632425069809,0.767578125,-1.14990234375,-0.08984375,0,NaN
2880,289140877,NaN,NaN,NaN,NaN,-8.79212665557861,2.72385454177856,3.43120360374451,0.337786644697189,-1.70063173770905,0.67139196395874,0.76611328125,-1.153076171875,-0.095458984375,0,NaN
2881,289157544,NaN,NaN,NaN,NaN,-8.80023002624512,2.73870229721069,3.38727355003357,-0.59793484210968,-1.48804020881653,-0.113854855298996,0.765380859375,-1.148193359375,-0.093994140625,0,NaN
2882,289174211,NaN,NaN,NaN,NaN,-8.85242462158203,2.69893431663513,3.39213848114014,-0.665827810764313,-1.62773835659027,-0.239133015275002,0.769775390625,-1.14990234375,-0.09228515625,0,NaN
2883,289190878,NaN,NaN,NaN,NaN,-8.85594081878662,2.68721461296082,3.46058130264282,0.60029125213623,-1.4056122303009,-0.450424879789352,0.76708984375,-1.148681640625,-0.090576171875,0,NaN
2884,289207545,NaN,NaN,NaN,NaN,-8.77499198913574,2.64744544029236,3.44048261642456,0.924618422985077,-0.919130980968475,-0.743222951889038,0.7666015625,-1.14697265625,-0.091552734375,0,NaN
2885,289224212,NaN,NaN,NaN,NaN,-8.73033809661865,2.63542652130127,3.40272307395935,0.806499063968658,-1.09626197814941,-0.08981092274189,0.764404296875,-1.150390625,-0.09326171875,0,NaN
2886,289240879,NaN,NaN,NaN,NaN,-8.74828815460205,2.65672636032104,3.48125529289246,0.864447832107544,-0.763578593730927,0.549718976020813,0.7666015625,-1.148681640625,-0.09326171875,0,NaN
2887,289257546,NaN,NaN,NaN,NaN,-8.75544929504395,2.62779855728149,3.4307177066803,1.16671621799469,-0.10038897395134,0.772190868854523,0.76708984375,-1.15087890625,-0.091064453125,0,NaN
2888,289274213,NaN,NaN,NaN,NaN,-8.72425651550293,2.62766909599304,3.39180612564087,2.19050669670105,0.0812114700675011,1.01953279972076,0.765380859375,-1.14990234375,-0.091064453125,0,NaN
2889,289290880,NaN,NaN,NaN,NaN,-8.72143650054932,2.65235614776611,3.44747114181519,2.55446314811707,-0.0873008817434311,0.94218236207962,0.7666015625,-1.148193359375,-0.09326171875,0,NaN
2890,289307547,NaN,NaN,NaN,NaN,-8.7046480178833,2.65522861480713,3.44243288040161,1.5369348526001,-0.205657199025154,0.169114276766777,0.769287109375,-1.14990234375,-0.091552734375,0,NaN
2891,289324214,NaN,NaN,NaN,NaN,-8.71724700927734,2.63182210922241,3.38813734054565,0.909667015075684,-0.185000523924828,-0.583674967288971,0.768310546875,-1.150390625,-0.0927734375,0,NaN
2892,289340881,NaN,NaN,NaN,NaN,-8.72284126281738,2.60723447799683,3.37492752075195,1.0650976896286,-0.112977623939514,-1.20603799819946,0.7666015625,-1.149169921875,-0.09326171875,0,NaN
2893,289357548,NaN,NaN,NaN,NaN,-8.75168514251709,2.59290766716003,3.40671300888062,1.37585663795471,-0.797297835350037,-1.44381356239319,0.76708984375,-1.148681640625,-0.091064453125,0,NaN
2894,289374215,NaN,NaN,NaN,NaN,-8.74884128570557,2.63610792160034,3.36657214164734,1.37310326099396,-1.22114956378937,-1.71915006637573,0.767578125,-1.149169921875,-0.091552734375,0,NaN
2895,289390882,NaN,NaN,NaN,NaN,-8.70795917510986,2.61551117897034,3.35360956192017,2.02725172042847,-1.65151977539062,-1.64126181602478,0.767578125,-1.148193359375,-0.0927734375,0,NaN
2896,289407549,NaN,NaN,NaN,NaN,-8.72819900512695,2.54374957084656,3.37737679481506,2.24499750137329,-1.84115600585938,-1.33489525318146,0.76708984375,-1.146484375,-0.091552734375,0,NaN
2897,289424216,NaN,NaN,NaN,NaN,-8.74371337890625,2.48538899421692,3.45880579948425,2.74162817001343,-2.32523584365845,-1.17543077468872,0.769287109375,-1.148681640625,-0.091552734375,0,NaN
2898,289440883,NaN,NaN,NaN,NaN,-8.76376533508301,2.53089618682861,3.44832706451416,2.90981459617615,-2.61971855163574,-1.01409649848938,0.77197265625,-1.148193359375,-0.090576171875,0,NaN
2899,289457550,NaN,NaN,NaN,NaN,-8.72450733184814,2.52376675605774,3.4107882976532,3.42693448066711,-2.41052651405334,-0.717783153057098,0.768798828125,-1.1474609375,-0.08935546875,0,NaN
2900,289474217,NaN,NaN,NaN,NaN,-8.71600246429443,2.50904989242554,3.45168113708496,3.03199934959412,-1.99725294113159,-0.330467879772186,0.769287109375,-1.150390625,-0.08984375,0,NaN
2901,289490884,NaN,NaN,NaN,NaN,-8.68799018859863,2.47750997543335,3.47800326347351,2.67125725746155,-1.95835995674133,-0.273518025875092,0.768798828125,-1.148681640625,-0.091064453125,0,NaN
2902,289507551,NaN,NaN,NaN,NaN,-8.6672477722168,2.41083073616028,3.53851437568665,1.87249338626862,-1.94535505771637,-0.123997487127781,0.769775390625,-1.146484375,-0.08984375,0,NaN
2903,289524218,NaN,NaN,NaN,NaN,-8.72301006317139,2.42536592483521,3.4461715221405,1.24236333370209,-2.04832434654236,-0.292266517877579,0.769287109375,-1.148193359375,-0.090576171875,0,NaN
2904,289540885,NaN,NaN,NaN,NaN,-8.79374313354492,2.40819835662842,3.46163511276245,1.33435118198395,-1.93716549873352,0.221569076180458,0.769775390625,-1.148681640625,-0.0927734375,0,NaN
2905,289557552,NaN,NaN,NaN,NaN,-8.84099102020264,2.42781639099121,3.49571228027344,0.724307894706726,-1.88879561424255,0.507009744644165,0.77099609375,-1.148681640625,-0.0888671875,0,NaN
2906,289574219,NaN,NaN,NaN,NaN,-8.85346126556396,2.48729014396667,3.47538828849792,0.659648656845093,-1.65591204166412,0.530573427677155,0.768798828125,-1.14599609375,-0.090576171875,0,NaN
2907,289590886,NaN,NaN,NaN,NaN,-8.83649063110352,2.50373435020447,3.43997097015381,1.17306804656982,-1.70475578308105,1.24439942836761,0.769287109375,-1.149169921875,-0.08935546875,0,NaN
2908,289607553,NaN,NaN,NaN,NaN,-8.85139846801758,2.5323281288147,3.49404740333557,2.27614283561707,-1.43493854999542,1.98373544216156,0.76708984375,-1.14697265625,-0.0927734375,0,NaN
2909,289624220,NaN,NaN,NaN,NaN,-8.88154411315918,2.56431031227112,3.52338933944702,2.38182091712952,-1.01195776462555,2.27148151397705,0.76708984375,-1.150390625,-0.091552734375,0,NaN
2910,289640887,NaN,NaN,NaN,NaN,-8.82721614837646,2.59427881240845,3.49800992012024,2.396817445755,-0.43044701218605,2.17234754562378,0.768798828125,-1.146484375,-0.0888671875,0,NaN
2911,289657554,NaN,NaN,NaN,NaN,-8.81387901306152,2.55988502502441,3.50147151947021,2.96813440322876,-0.218591600656509,2.16019463539124,0.7666015625,-1.14990234375,-0.090576171875,0,NaN
2912,289674221,NaN,NaN,NaN,NaN,-8.77418899536133,2.57339763641357,3.55028343200684,2.98520493507385,0.120872728526592,1.45196461677551,0.767578125,-1.150390625,-0.0859375,0,NaN
2913,289690888,NaN,NaN,NaN,NaN,-8.76905345916748,2.55524277687073,3.50224447250366,1.73980021476746,0.606079697608948,0.723360180854797,0.769287109375,-1.15087890625,-0.087158203125,0,NaN
2914,289707555,NaN,NaN,NaN,NaN,-8.75016117095947,2.54901576042175,3.49672436714172,1.32054591178894,0.908655405044556,0.418172150850296,0.765869140625,-1.15087890625,-0.08935546875,0,NaN
2915,289724222,NaN,NaN,NaN,NaN,-8.71847152709961,2.53313732147217,3.44783735275269,1.03903043270111,1.44084227085114,0.154521405696869,0.766357421875,-1.1513671875,-0.08837890625,0,NaN
2916,289740889,NaN,NaN,NaN,NaN,-8.71423149108887,2.50642371177673,3.44212174415588,1.34150350093842,1.27678024768829,0.0435159727931023,0.769775390625,-1.15380859375,-0.087646484375,0,NaN
2917,289757556,NaN,NaN,NaN,NaN,-8.6807336807251,2.49352097511292,3.43202710151672,1.69098222255707,1.03615522384644,0.401216506958008,0.770751953125,-1.150390625,-0.087158203125,0,NaN
2918,289774223,NaN,NaN,NaN,NaN,-8.72794628143311,2.50115847587585,3.43247079849243,0.696185171604156,0.957601189613342,0.702050447463989,0.76806640625,-1.150390625,-0.086669921875,0,NaN
2919,289790890,NaN,NaN,NaN,NaN,-8.75550174713135,2.46019053459167,3.3841245174408,-0.127576842904091,0.981075167655945,0.602686047554016,0.769287109375,-1.14990234375,-0.0859375,0,NaN
2920,289807557,NaN,NaN,NaN,NaN,-8.80434417724609,2.4500584602356,3.32013511657715,0.0670988634228706,0.798751175403595,0.660084068775177,0.76806640625,-1.15087890625,-0.0849609375,0,NaN
2921,289824224,NaN,NaN,NaN,NaN,-8.79713535308838,2.45259666442871,3.38482260704041,1.07716119289398,0.237205609679222,0.965758800506592,0.766845703125,-1.152099609375,-0.08544921875,0,NaN
2922,289840891,NaN,NaN,NaN,NaN,-8.77215003967285,2.52435684204102,3.36164808273315,1.30627977848053,0.180447891354561,1.08828985691071,0.7685546875,-1.149169921875,-0.08544921875,0,NaN
2923,289857558,NaN,NaN,NaN,NaN,-8.74126148223877,2.5258777141571,3.36450123786926,0.766722440719604,0.25832325220108,1.67045366764069,0.767578125,-1.15087890625,-0.0859375,0,NaN
2924,289874225,NaN,NaN,NaN,NaN,-8.78262996673584,2.49866795539856,3.41182565689087,0.540524005889893,-0.29161337018013,2.57187986373901,0.769775390625,-1.150390625,-0.08544921875,0,NaN
2925,289890892,NaN,NaN,NaN,NaN,-8.82284450531006,2.52245259284973,3.42797112464905,0.58117139339447,-0.164215832948685,3.02001261711121,0.76904296875,-1.152099609375,-0.082763671875,0,NaN
2926,289907559,NaN,NaN,NaN,NaN,-8.81607246398926,2.49842309951782,3.34389686584473,1.02729332447052,0.176247373223305,3.38651728630066,0.7685546875,-1.1513671875,-0.084228515625,0,NaN
2927,289924226,NaN,NaN,NaN,NaN,-8.77794933319092,2.47439670562744,3.39270329475403,1.65504789352417,0.128633379936218,3.89979648590088,0.766845703125,-1.1513671875,-0.0849609375,0,NaN
2928,289940893,NaN,NaN,NaN,NaN,-8.74380016326904,2.51706528663635,3.49551677703857,1.43954288959503,0.0154764764010906,3.75599408149719,0.76513671875,-1.15087890625,-0.0849609375,0,NaN
2929,289957560,NaN,NaN,NaN,NaN,-8.77647113800049,2.59111666679382,3.49109578132629,0.595002174377441,-0.0489074476063251,3.33401131629944,0.7646484375,-1.153564453125,-0.0849609375,0,NaN
2930,289974227,NaN,NaN,NaN,NaN,-8.77174282073975,2.65732645988464,3.42151618003845,-0.375098019838333,0.475941628217697,2.7038881778717,0.76416015625,-1.153564453125,-0.08447265625,0,NaN
2931,289990894,NaN,NaN,NaN,NaN,-8.764817237854,2.61970329284668,3.38621282577515,0.74087929725647,0.724756121635437,2.41299152374268,0.765869140625,-1.15576171875,-0.0849609375,0,NaN
2932,290007561,NaN,NaN,NaN,NaN,-8.75531196594238,2.65890622138977,3.44058036804199,0.823313891887665,0.420272380113602,1.90566825866699,0.76416015625,-1.153076171875,-0.0849609375,0,NaN
2933,290024228,NaN,NaN,NaN,NaN,-8.76603126525879,2.69765114784241,3.37144804000854,0.0502329021692276,0.0677776038646698,0.810891568660736,0.762451171875,-1.156982421875,-0.08544921875,0,NaN
2934,290040895,NaN,NaN,NaN,NaN,-8.78722476959229,2.70471096038818,3.38174748420715,-0.21533876657486,-0.129920423030853,0.207943096756935,0.76416015625,-1.156494140625,-0.082763671875,0,NaN
2935,290057562,NaN,NaN,NaN,NaN,-8.84242630004883,2.7072925567627,3.3689124584198,-0.108085580170155,-0.257087469100952,-0.481736451387405,0.766845703125,-1.153564453125,-0.083251953125,0,NaN
2936,290074229,NaN,NaN,NaN,NaN,-8.80781841278076,2.68600964546204,3.3292772769928,0.323353916406631,-0.198203861713409,-1.06908679008484,0.7646484375,-1.15576171875,-0.083251953125,0,NaN
2937,290090896,NaN,NaN,NaN,NaN,-8.79164505004883,2.63527464866638,3.2853376865387,0.975120306015015,-0.811269462108612,-1.10759556293488,0.7646484375,-1.154296875,-0.086669921875,0,NaN
2938,290107563,NaN,NaN,NaN,NaN,-8.81760883331299,2.66424250602722,3.3570408821106,2.12027716636658,-1.24505889415741,-0.904807031154633,0.7685546875,-1.157470703125,-0.083251953125,0,NaN
2939,290124230,NaN,NaN,NaN,NaN,-8.83750438690186,2.69194507598877,3.36017489433289,2.24093842506409,-1.13785707950592,-0.94769561290741,0.766357421875,-1.15185546875,-0.08544921875,0,NaN
2940,290140897,NaN,NaN,NaN,NaN,-8.79405307769775,2.65263104438782,3.34340810775757,2.35085511207581,-1.03120565414429,-0.949654757976532,0.765625,-1.153564453125,-0.08203125,0,NaN
2941,290157564,NaN,NaN,NaN,NaN,-8.74929428100586,2.59017062187195,3.38056325912476,1.78149783611298,-1.21177530288696,-0.992197453975677,0.76806640625,-1.156005859375,-0.0849609375,0,NaN
2942,290174231,NaN,NaN,NaN,NaN,-8.72346496582031,2.53418326377869,3.4212908744812,1.50061595439911,-1.19262969493866,-1.37162399291992,0.7685546875,-1.153076171875,-0.083251953125,0,NaN
2943,290190898,NaN,NaN,NaN,NaN,-8.7035961151123,2.49300241470337,3.39295411109924,1.21489357948303,-1.08277678489685,-1.18173146247864,0.767333984375,-1.152587890625,-0.083251953125,0,NaN
2944,290207565,NaN,NaN,NaN,NaN,-8.73222923278809,2.50981545448303,3.39118123054504,1.6122362613678,-1.33565104007721,-0.274683386087418,0.765869140625,-1.153564453125,-0.083251953125,0,NaN
2945,290224232,NaN,NaN,NaN,NaN,-8.76657962799072,2.54635667800903,3.32201910018921,0.999542057514191,-1.31111419200897,0.144974291324615,0.7685546875,-1.152587890625,-0.079833984375,0,NaN
2946,290240899,NaN,NaN,NaN,NaN,-8.83025741577148,2.56596660614014,3.30784702301025,1.08809125423431,-1.50025713443756,0.290076553821564,0.766357421875,-1.154296875,-0.083740234375,0,NaN
2947,290257566,NaN,NaN,NaN,NaN,-8.97420501708984,2.51262283325195,3.28184366226196,1.36938941478729,-2.39597821235657,-0.322412669658661,0.7685546875,-1.153076171875,-0.082763671875,0,NaN
2948,290274233,NaN,NaN,NaN,NaN,-9.02903938293457,2.48884057998657,3.22050881385803,1.82046759128571,-3.832927942276,-0.865401923656464,0.76904296875,-1.154296875,-0.0849609375,0,NaN
2949,290290900,NaN,NaN,NaN,NaN,-9.02489757537842,2.51119184494019,3.19147205352783,2.10905861854553,-6.45368337631226,-0.526891708374023,0.766357421875,-1.153076171875,-0.083740234375,0,NaN
2950,290307567,NaN,NaN,NaN,NaN,-8.99488544464111,2.63395142555237,3.09768843650818,2.40336203575134,-8.76834392547607,-0.430831342935562,0.767578125,-1.153076171875,-0.0859375,0,NaN
2951,290324234,NaN,NaN,NaN,NaN,-9.01882934570312,2.56184387207031,3.08197259902954,3.72013735771179,-11.7097997665405,0.16002182662487,0.7646484375,-1.153076171875,-0.0888671875,0,NaN
2952,290340901,NaN,NaN,NaN,NaN,-9.01343250274658,2.54188013076782,3.15417385101318,4.2467622756958,-15.1243886947632,0.623291969299316,0.76806640625,-1.152099609375,-0.08984375,0,NaN
2953,290357568,NaN,NaN,NaN,NaN,-9.06889057159424,2.56017136573792,3.06819128990173,4.49323511123657,-18.4319496154785,0.801492929458618,0.760498046875,-1.153076171875,-0.09228515625,0,NaN
2954,290374235,NaN,NaN,NaN,NaN,-9.15375900268555,2.45728731155396,2.8722870349884,4.71161222457886,-22.9441928863525,0.959716081619263,0.7626953125,-1.152099609375,-0.09619140625,0,NaN
2955,290390902,NaN,NaN,NaN,NaN,-9.11985111236572,2.2767174243927,2.82633495330811,7.87775230407715,-27.3160457611084,1.34079647064209,0.756103515625,-1.1552734375,-0.099609375,0,NaN
2956,290407569,NaN,NaN,NaN,NaN,-9.09767913818359,2.19706439971924,2.87465834617615,12.9601917266846,-32.8733024597168,2.66642808914185,0.7548828125,-1.157470703125,-0.102783203125,0,NaN
2957,290424236,NaN,NaN,NaN,NaN,-9.00903797149658,2.30859041213989,2.91475367546082,15.4979381561279,-38.5671615600586,3.93068385124207,0.747314453125,-1.161376953125,-0.1044921875,0,NaN
2958,290440903,NaN,NaN,NaN,NaN,-8.8468770980835,2.32482862472534,3.05302858352661,16.9243755340576,-44.6774482727051,5.8512749671936,0.74462890625,-1.160888671875,-0.11083984375,0,NaN
2959,290457570,NaN,NaN,NaN,NaN,-8.5691032409668,2.24556565284729,3.18093466758728,18.5922317504883,-51.0868835449219,8.87847328186035,0.735107421875,-1.165771484375,-0.116455078125,0,NaN
2960,290474237,NaN,NaN,NaN,NaN,-8.33187866210938,2.34558606147766,3.39437508583069,20.9324493408203,-56.0083160400391,11.6725959777832,0.725830078125,-1.16748046875,-0.12255859375,0,NaN
2961,290490904,NaN,NaN,NaN,NaN,-8.2588005065918,2.57948851585388,3.5740053653717,20.4246673583984,-59.8480796813965,13.857346534729,0.71826171875,-1.1728515625,-0.128173828125,0,NaN
2962,290507571,NaN,NaN,NaN,NaN,-8.07853603363037,2.66601324081421,3.74996137619019,20.5458984375,-62.5450210571289,16.4228801727295,0.70703125,-1.1806640625,-0.136474609375,0,NaN
2963,290524238,NaN,NaN,NaN,NaN,-7.89205026626587,2.66020774841309,4.11108636856079,22.6115837097168,-63.8651733398438,17.9662418365479,0.693359375,-1.18505859375,-0.142333984375,0,NaN
2964,290540905,NaN,NaN,NaN,NaN,-7.66855764389038,2.80170702934265,4.34444332122803,23.607213973999,-64.4701156616211,17.7968826293945,0.681640625,-1.1904296875,-0.147216796875,0,NaN
2965,290557572,NaN,NaN,NaN,NaN,-7.56209421157837,3.02407097816467,4.63980388641357,22.3789291381836,-64.4947891235352,16.9292831420898,0.670654296875,-1.196533203125,-0.15283203125,0,NaN
2966,290574239,NaN,NaN,NaN,NaN,-7.517014503479,3.20220851898193,4.89031314849854,19.1224384307861,-64.7733917236328,15.8640899658203,0.65576171875,-1.20361328125,-0.157958984375,0,NaN
2967,290590906,NaN,NaN,NaN,NaN,-7.51209211349487,3.37051725387573,5.07581090927124,17.0312423706055,-64.1333312988281,14.5950012207031,0.646484375,-1.20849609375,-0.165283203125,0,NaN
2968,290607573,NaN,NaN,NaN,NaN,-7.57129192352295,3.39875173568726,5.18077898025513,16.7276802062988,-63.4105415344238,12.7304086685181,0.634765625,-1.209716796875,-0.172119140625,0,NaN
2969,290624240,NaN,NaN,NaN,NaN,-7.59410572052002,3.36051297187805,5.2403564453125,18.4149799346924,-62.8517227172852,11.7293853759766,0.6220703125,-1.215576171875,-0.177734375,0,NaN
2970,290640907,NaN,NaN,NaN,NaN,-7.49987459182739,3.41294026374817,5.40778255462646,20.3860111236572,-62.472354888916,12.0582971572876,0.611083984375,-1.219970703125,-0.18212890625,0,NaN
2971,290657574,NaN,NaN,NaN,NaN,-7.37276792526245,3.56237506866455,5.74052810668945,20.053035736084,-61.6739387512207,13.1505756378174,0.602783203125,-1.2265625,-0.187255859375,0,NaN
2972,290674241,NaN,NaN,NaN,NaN,-7.21627044677734,3.72737598419189,5.86017656326294,16.9802932739258,-60.2149085998535,13.4121236801147,0.58837890625,-1.229248046875,-0.193359375,0,NaN
2973,290690908,NaN,NaN,NaN,NaN,-7.15152263641357,3.64353466033936,5.85095548629761,12.9055786132812,-59.5615501403809,12.909779548645,0.577392578125,-1.232421875,-0.198486328125,0,NaN
2974,290707575,NaN,NaN,NaN,NaN,-6.91660165786743,3.38704943656921,5.81520318984985,15.3866033554077,-57.7926559448242,12.5262937545776,0.568603515625,-1.235107421875,-0.19970703125,0,NaN
2975,290724242,NaN,NaN,NaN,NaN,-6.84978532791138,3.2917115688324,5.92345333099365,25.8192691802979,-56.8651275634766,12.425518989563,0.5556640625,-1.24072265625,-0.202392578125,0,NaN
2976,290740909,NaN,NaN,NaN,NaN,-6.62877368927002,3.50998020172119,6.06386613845825,33.5279350280762,-56.922420501709,13.2169971466064,0.542236328125,-1.245361328125,-0.201904296875,0,NaN
2977,290757576,NaN,NaN,NaN,NaN,-6.37286520004272,3.84658026695251,6.19328927993774,33.22900390625,-56.6585311889648,15.2102470397949,0.53271484375,-1.2548828125,-0.201904296875,0,NaN
2978,290774243,NaN,NaN,NaN,NaN,-6.16963720321655,4.09652090072632,6.3469500541687,26.0807075500488,-54.4003982543945,17.1630592346191,0.522216796875,-1.26025390625,-0.19970703125,0,NaN
2979,290790910,NaN,NaN,NaN,NaN,-6.27250480651855,4.02718925476074,6.43660831451416,18.619234085083,-53.4420166015625,17.622579574585,0.50830078125,-1.26513671875,-0.2041015625,0,NaN
2980,290807577,NaN,NaN,NaN,NaN,-6.08061218261719,3.92061686515808,6.43148708343506,15.8007049560547,-52.9947090148926,17.2898693084717,0.49462890625,-1.26708984375,-0.20751953125,0,NaN
2981,290824244,NaN,NaN,NaN,NaN,-5.92623233795166,4.00821399688721,6.48406839370728,15.227352142334,-51.9934539794922,16.7987728118896,0.484619140625,-1.272705078125,-0.208740234375,0,NaN
2982,290840911,NaN,NaN,NaN,NaN,-5.77663516998291,4.2921724319458,6.57785987854004,11.7736167907715,-50.0417366027832,15.8568105697632,0.47119140625,-1.278076171875,-0.21044921875,0,NaN
2983,290857578,NaN,NaN,NaN,NaN,-5.7386326789856,4.44550085067749,6.72405433654785,5.69679641723633,-48.4592247009277,14.4929189682007,0.460693359375,-1.280029296875,-0.212158203125,0,NaN
2984,290874245,NaN,NaN,NaN,NaN,-5.59860944747925,4.37818336486816,6.80087661743164,3.70680904388428,-46.4968566894531,13.1345624923706,0.4501953125,-1.28173828125,-0.216552734375,0,NaN
2985,290890912,NaN,NaN,NaN,NaN,-5.47956132888794,4.32873010635376,6.78610992431641,3.25285577774048,-44.2795753479004,11.492431640625,0.44140625,-1.284912109375,-0.22216796875,0,NaN
2986,290907579,NaN,NaN,NaN,NaN,-5.41281604766846,4.3534836769104,6.8246169090271,3.85280990600586,-42.7017707824707,10.6154022216797,0.43359375,-1.284423828125,-0.2255859375,0,NaN
2987,290924246,NaN,NaN,NaN,NaN,-5.36444425582886,4.45131397247314,6.90644979476929,4.56759977340698,-41.1815414428711,10.7592277526855,0.424072265625,-1.285888671875,-0.227294921875,0,NaN
2988,290940913,NaN,NaN,NaN,NaN,-5.41525936126709,4.48250436782837,7.02776432037354,3.60140371322632,-39.7182884216309,10.5862855911255,0.413818359375,-1.289794921875,-0.234619140625,0,NaN
2989,290957580,NaN,NaN,NaN,NaN,-5.25277662277222,4.30853986740112,6.93527889251709,3.57876110076904,-38.6757774353027,9.61496543884277,0.40478515625,-1.2890625,-0.2333984375,0,NaN
2990,290974247,NaN,NaN,NaN,NaN,-5.41609334945679,4.33137941360474,7.05390882492065,5.04108715057373,-38.1454887390137,8.99855327606201,0.398193359375,-1.288330078125,-0.238037109375,0,NaN
2991,290990914,NaN,NaN,NaN,NaN,-5.42485857009888,4.36659097671509,7.15989112854004,7.33739376068115,-38.4873886108398,8.74385929107666,0.390380859375,-1.2900390625,-0.238037109375,0,NaN
2992,291007581,NaN,NaN,NaN,NaN,-5.33479881286621,4.4248161315918,7.16692113876343,7.19664239883423,-39.5622215270996,8.91024398803711,0.381591796875,-1.289794921875,-0.241455078125,0,NaN
2993,291024248,NaN,NaN,NaN,NaN,-5.11049365997314,4.40660524368286,7.04264640808105,7.57018375396729,-41.2637329101562,9.7533597946167,0.372802734375,-1.293701171875,-0.241943359375,0,NaN
2994,291040915,NaN,NaN,NaN,NaN,-4.98235940933228,4.34780216217041,7.00561141967773,8.31787490844727,-41.4508247375488,10.462158203125,0.36328125,-1.295654296875,-0.24365234375,0,NaN
2995,291057582,NaN,NaN,NaN,NaN,-4.89434623718262,4.40003061294556,7.13778972625732,11.9386739730835,-43.0980758666992,11.6690464019775,0.356689453125,-1.300048828125,-0.244873046875,0,NaN
2996,291074249,NaN,NaN,NaN,NaN,-4.77950525283813,4.47253131866455,7.17156314849854,12.3161754608154,-43.9692802429199,11.8013544082642,0.345458984375,-1.303466796875,-0.244140625,0,NaN
2997,291090916,NaN,NaN,NaN,NaN,-4.49489545822144,4.58011102676392,7.20586681365967,10.6235618591309,-45.6292991638184,12.2829580307007,0.33447265625,-1.302001953125,-0.244873046875,0,NaN
2998,291107583,NaN,NaN,NaN,NaN,-4.34708023071289,4.65364265441895,7.2370433807373,9.17061042785645,-47.1195411682129,12.8734827041626,0.32421875,-1.30517578125,-0.244384765625,0,NaN
2999,291124250,NaN,NaN,NaN,NaN,-4.38723802566528,4.63871335983276,7.27674961090088,9.64966583251953,-48.2195739746094,11.9186887741089,0.31494140625,-1.307373046875,-0.248291015625,0,NaN
3000,291140917,NaN,NaN,NaN,NaN,-4.45782852172852,4.59790515899658,7.32788372039795,11.9305076599121,-50.5729866027832,11.3852586746216,0.3037109375,-1.309326171875,-0.244873046875,0,NaN
3001,291157584,NaN,NaN,NaN,NaN,-4.43290328979492,4.65516090393066,7.49487257003784,14.3586511611938,-54.210277557373,11.9369821548462,0.289794921875,-1.313232421875,-0.245361328125,0,NaN
3002,291174251,NaN,NaN,NaN,NaN,-4.22877502441406,4.79855871200562,7.56747579574585,11.848274230957,-55.643684387207,11.8132600784302,0.27880859375,-1.314697265625,-0.24609375,0,NaN
3003,291190918,NaN,NaN,NaN,NaN,-4.00489950180054,4.79932594299316,7.62267446517944,10.641788482666,-59.0520820617676,11.9947452545166,0.2666015625,-1.31884765625,-0.24658203125,0,NaN
3004,291207585,NaN,NaN,NaN,NaN,-3.59375762939453,4.91188812255859,7.47685146331787,10.3913326263428,-61.8808937072754,13.9815435409546,0.25537109375,-1.31884765625,-0.244873046875,0,NaN
3005,291224252,NaN,NaN,NaN,NaN,-3.49960446357727,4.90196418762207,7.51448059082031,8.5881233215332,-63.0702972412109,13.8543643951416,0.240478515625,-1.322021484375,-0.248291015625,0,NaN
3006,291240919,NaN,NaN,NaN,NaN,-3.39022779464722,4.88690376281738,7.57407903671265,9.29895305633545,-66.1822738647461,14.1721172332764,0.22705078125,-1.323486328125,-0.247802734375,0,NaN
3007,291257586,NaN,NaN,NaN,NaN,-3.16083645820618,4.80230045318604,7.71505117416382,10.4342956542969,-69.2851104736328,13.9394311904907,0.21142578125,-1.321533203125,-0.24609375,0,NaN
3008,291274253,NaN,NaN,NaN,NaN,-2.94645476341248,4.88019704818726,7.75027132034302,7.92066669464111,-68.5473022460938,13.0893478393555,0.2001953125,-1.326416015625,-0.24560546875,0,NaN
3009,291290920,NaN,NaN,NaN,NaN,-2.81906700134277,4.85001373291016,7.75092649459839,8.89309024810791,-70.1347045898438,13.4889631271362,0.1826171875,-1.32666015625,-0.24609375,0,NaN
3010,291307587,NaN,NaN,NaN,NaN,-2.6990807056427,4.78898429870605,7.86161851882935,11.8662557601929,-72.2905349731445,13.9022750854492,0.166259765625,-1.32861328125,-0.2451171875,0,NaN
3011,291324254,NaN,NaN,NaN,NaN,-2.42498826980591,4.80810451507568,7.9780068397522,13.9691562652588,-74.2000503540039,14.2495431900024,0.154052734375,-1.33056640625,-0.242919921875,0,NaN
3012,291340921,NaN,NaN,NaN,NaN,-2.08671164512634,4.98858261108398,8.05839252471924,11.751256942749,-74.6034622192383,15.348162651062,0.138916015625,-1.33544921875,-0.238525390625,0,NaN
3013,291357588,NaN,NaN,NaN,NaN,-1.82589447498322,4.99424314498901,8.08658790588379,8.22932052612305,-74.2561492919922,16.903190612793,0.12109375,-1.3330078125,-0.239501953125,0,NaN
3014,291374255,NaN,NaN,NaN,NaN,-1.56416082382202,4.87724637985229,8.1114616394043,7.15619945526123,-73.561882019043,17.6448135375977,0.10107421875,-1.337158203125,-0.23681640625,0,NaN
3015,291390922,NaN,NaN,NaN,NaN,-1.35784208774567,4.93031358718872,8.14317512512207,7.50795221328735,-71.8639831542969,17.9061050415039,0.090576171875,-1.337890625,-0.2333984375,0,NaN
3016,291407589,NaN,NaN,NaN,NaN,-1.14727461338043,5.05709266662598,8.13702774047852,8.70198726654053,-68.8662338256836,17.5138854980469,0.07373046875,-1.33984375,-0.23193359375,0,NaN
3017,291424256,NaN,NaN,NaN,NaN,-0.916406631469727,5.12177991867065,8.15336132049561,7.87652063369751,-63.8425979614258,16.0384654998779,0.059814453125,-1.3369140625,-0.230712890625,0,NaN
3018,291440923,NaN,NaN,NaN,NaN,-0.785787522792816,5.21027708053589,8.24627304077148,9.26392078399658,-58.1851043701172,15.0848541259766,0.044677734375,-1.337158203125,-0.225830078125,0,NaN
3019,291457590,NaN,NaN,NaN,NaN,-0.731155037879944,5.37040138244629,8.32764530181885,10.7056531906128,-52.3129119873047,14.6427135467529,0.032470703125,-1.33984375,-0.221923828125,0,NaN
3020,291474257,NaN,NaN,NaN,NaN,-0.63611888885498,5.48396062850952,8.43376636505127,11.1062669754028,-46.1685791015625,13.6914052963257,0.0234375,-1.339599609375,-0.220703125,0,NaN
3021,291490924,NaN,NaN,NaN,NaN,-0.567348837852478,5.55247211456299,8.50725746154785,10.6005964279175,-40.4015808105469,12.0678291320801,0.010498046875,-1.341552734375,-0.211669921875,0,NaN
3022,291507591,NaN,NaN,NaN,NaN,-0.514627397060394,5.64070558547974,8.59069347381592,10.8601779937744,-34.9149627685547,10.7015190124512,0.006591796875,-1.341552734375,-0.21240234375,0,NaN
3023,291524258,NaN,NaN,NaN,NaN,-0.53258341550827,5.74819707870483,8.68989849090576,10.40345287323,-30.3998584747314,9.23611164093018,-0.0029296875,-1.343017578125,-0.205078125,0,NaN
3024,291540925,NaN,NaN,NaN,NaN,-0.617813527584076,5.79966402053833,8.79989147186279,9.77651977539062,-27.4237041473389,7.97199630737305,-0.01123046875,-1.345703125,-0.203369140625,0,NaN
3025,291557592,NaN,NaN,NaN,NaN,-0.638029932975769,5.80327272415161,8.85188293457031,9.63645172119141,-25.040657043457,7.3263988494873,-0.012939453125,-1.347412109375,-0.2021484375,0,NaN
3026,291574259,NaN,NaN,NaN,NaN,-0.340364754199982,5.91417217254639,8.85453605651855,8.67584133148193,-23.0390625,6.93498039245605,-0.01806640625,-1.348388671875,-0.19677734375,0,NaN
3027,291590926,NaN,NaN,NaN,NaN,-0.321859031915665,5.74459028244019,8.69942283630371,2.42161345481873,-18.2623023986816,3.91720485687256,-0.024169921875,-1.34765625,-0.19677734375,0,NaN
3028,291607593,NaN,NaN,NaN,NaN,-0.247658044099808,5.62630414962769,8.60507965087891,3.69547438621521,-16.2879524230957,3.93774509429932,-0.0263671875,-1.345947265625,-0.19677734375,0,NaN
3029,291624260,NaN,NaN,NaN,NaN,-0.523864209651947,6.24222469329834,7.80131006240845,16.0940628051758,-18.0561599731445,14.6223392486572,-0.030517578125,-1.34912109375,-0.191162109375,0,NaN
3030,291640927,NaN,NaN,NaN,NaN,0.129010155797005,5.09722852706909,9.33063983917236,16.9643535614014,-14.113429069519,6.05537128448486,-0.037353515625,-1.351806640625,-0.184814453125,0,NaN
3031,291657594,NaN,NaN,NaN,NaN,-0.147711515426636,5.5308256149292,8.4921293258667,5.97410583496094,-7.11992216110229,2.49889707565308,-0.037841796875,-1.349609375,-0.181640625,0,NaN
3032,291674261,NaN,NaN,NaN,NaN,-0.0883378535509109,5.5460352897644,8.40949440002441,6.41479825973511,-4.31216764450073,1.17416965961456,-0.042236328125,-1.3515625,-0.181640625,0,NaN
3033,291690928,NaN,NaN,NaN,NaN,-0.103905156254768,5.46816968917847,8.42574501037598,6.50609397888184,-1.89841330051422,0.473329126834869,-0.03955078125,-1.35107421875,-0.180908203125,0,NaN
3034,291707595,NaN,NaN,NaN,NaN,-0.224433094263077,5.48554134368896,8.44197654724121,6.29715824127197,-0.184373050928116,0.111908286809921,-0.0390625,-1.35009765625,-0.1748046875,0,NaN
3035,291724262,NaN,NaN,NaN,NaN,-0.194289594888687,5.44325590133667,8.41198444366455,5.75547504425049,1.03035414218903,0.582080602645874,-0.0390625,-1.35400390625,-0.176025390625,0,NaN
3036,291740929,NaN,NaN,NaN,NaN,-0.134895712137222,5.42181444168091,8.3201961517334,5.05754137039185,2.11900925636292,0.89835911989212,-0.0380859375,-1.356201171875,-0.1748046875,0,NaN
3037,291757596,NaN,NaN,NaN,NaN,-0.149960964918137,5.41220712661743,8.2839822769165,5.78902769088745,2.3315691947937,1.66143822669983,-0.03857421875,-1.3544921875,-0.176025390625,0,NaN
3038,291774263,NaN,NaN,NaN,NaN,-0.221520841121674,5.3876256942749,8.29431915283203,6.25638294219971,2.5314507484436,2.1692361831665,-0.036865234375,-1.3544921875,-0.172607421875,0,NaN
3039,291790930,NaN,NaN,NaN,NaN,-0.181296214461327,5.482994556427,8.28529071807861,6.15061473846436,2.33920168876648,2.84287548065186,-0.039794921875,-1.35595703125,-0.169189453125,0,NaN
3040,291807597,NaN,NaN,NaN,NaN,-0.161330133676529,5.57732343673706,8.25747680664062,4.50726556777954,1.79011654853821,3.3283257484436,-0.039794921875,-1.357666015625,-0.168701171875,0,NaN
3041,291824264,NaN,NaN,NaN,NaN,-0.153744861483574,5.52403211593628,8.23484039306641,3.49430871009827,1.44844317436218,3.12827777862549,-0.040283203125,-1.3583984375,-0.1708984375,0,NaN
3042,291840931,NaN,NaN,NaN,NaN,-0.222626268863678,5.46094799041748,8.20577716827393,3.54686594009399,0.947830080986023,3.01086902618408,-0.040283203125,-1.357666015625,-0.168701171875,0,NaN
3043,291857598,NaN,NaN,NaN,NaN,-0.249799713492393,5.46269750595093,8.14057064056396,4.93155336380005,0.802055537700653,3.36233973503113,-0.042724609375,-1.357666015625,-0.168701171875,0,NaN
3044,291874265,NaN,NaN,NaN,NaN,-0.18336047232151,5.56918144226074,8.08279132843018,5.75173616409302,0.396324545145035,4.12526512145996,-0.042236328125,-1.358154296875,-0.165283203125,0,NaN
3045,291890932,NaN,NaN,NaN,NaN,-0.145587518811226,5.63834762573242,8.09738254547119,4.64844274520874,-0.0187997221946716,4.88999652862549,-0.044921875,-1.358154296875,-0.164794921875,0,NaN
3046,291907599,NaN,NaN,NaN,NaN,-0.211618691682816,5.57448482513428,8.11041450500488,3.22365951538086,0.243634417653084,4.92476558685303,-0.044921875,-1.35986328125,-0.161865234375,0,NaN
3047,291924266,NaN,NaN,NaN,NaN,-0.202055677771568,5.46469116210938,8.01962852478027,4.02205848693848,0.625020325183868,4.55528879165649,-0.044921875,-1.359375,-0.165283203125,0,NaN
3048,291940933,NaN,NaN,NaN,NaN,-0.151141554117203,5.49265384674072,7.9633960723877,6.5543098449707,0.319217503070831,4.72770166397095,-0.04833984375,-1.362060546875,-0.16259765625,0,NaN
3049,291957600,NaN,NaN,NaN,NaN,-0.147836357355118,5.69068193435669,7.97716760635376,8.04485511779785,0.70173054933548,5.11707925796509,-0.046142578125,-1.3603515625,-0.16015625,0,NaN
3050,291974267,NaN,NaN,NaN,NaN,-0.149820670485497,5.74724245071411,8.05624389648438,7.20014810562134,0.402996748685837,5.75411891937256,-0.050048828125,-1.358642578125,-0.158447265625,0,NaN
3051,291990934,NaN,NaN,NaN,NaN,-0.14035464823246,5.70514822006226,8.06196022033691,5.97213363647461,0.0494773387908936,5.99097156524658,-0.05078125,-1.36181640625,-0.154541015625,0,NaN
3052,292007601,NaN,NaN,NaN,NaN,-0.229224741458893,5.72618103027344,8.09943008422852,7.26561403274536,-0.734662175178528,5.95407724380493,-0.053466796875,-1.3623046875,-0.15234375,0,NaN
3053,292024268,NaN,NaN,NaN,NaN,-0.247124746441841,5.7985782623291,8.12216377258301,7.46146202087402,-1.65573334693909,5.84683609008789,-0.052978515625,-1.36474609375,-0.15185546875,0,NaN
3054,292040935,NaN,NaN,NaN,NaN,-0.182292297482491,5.96082973480225,8.15286064147949,6.82305240631104,-2.47692799568176,6.03329706192017,-0.056884765625,-1.363525390625,-0.15185546875,0,NaN
3055,292057602,NaN,NaN,NaN,NaN,-0.177924141287804,5.99749946594238,8.22847080230713,5.61980533599854,-3.55980777740479,6.33238983154297,-0.056884765625,-1.3623046875,-0.14501953125,0,NaN
3056,292074269,NaN,NaN,NaN,NaN,-0.184475809335709,5.96682548522949,8.19914627075195,4.70780086517334,-4.14872026443481,5.89614057540894,-0.061279296875,-1.36572265625,-0.150146484375,0,NaN
3057,292090936,NaN,NaN,NaN,NaN,-0.190038710832596,6.00667858123779,8.21347045898438,5.7694730758667,-4.80265092849731,5.43383169174194,-0.0615234375,-1.367919921875,-0.14794921875,0,NaN
3058,292107603,NaN,NaN,NaN,NaN,-0.142072334885597,6.05097627639771,8.22895526885986,6.16561269760132,-4.8808856010437,4.785484790802,-0.063720703125,-1.365966796875,-0.14404296875,0,NaN
3059,292124270,NaN,NaN,NaN,NaN,-0.0890570357441902,6.10931777954102,8.21094799041748,4.78922319412231,-4.76747226715088,4.25722217559814,-0.06494140625,-1.3642578125,-0.142333984375,0,NaN
3060,292140937,NaN,NaN,NaN,NaN,-0.0519194528460503,6.09330797195435,8.22676086425781,3.33907079696655,-4.67211580276489,3.8528618812561,-0.067138671875,-1.3671875,-0.142822265625,0,NaN
3061,292157604,NaN,NaN,NaN,NaN,-0.0448096431791782,6.03994703292847,8.17571640014648,1.83539974689484,-3.75336241722107,3.17453408241272,-0.067138671875,-1.365478515625,-0.140625,0,NaN
3062,292174271,NaN,NaN,NaN,NaN,-0.0172397904098034,6.02654886245728,8.10822105407715,2.36713218688965,-2.70126891136169,2.42431259155273,-0.068115234375,-1.3671875,-0.140625,0,NaN
3063,292190938,NaN,NaN,NaN,NaN,0.0452920608222485,6.04177570343018,8.03762817382812,2.74422764778137,-1.5399249792099,1.74061977863312,-0.0693359375,-1.365966796875,-0.137939453125,0,NaN
3064,292207605,NaN,NaN,NaN,NaN,0.0338050350546837,6.00404167175293,7.97613096237183,2.66963076591492,0.390843391418457,1.10341429710388,-0.06884765625,-1.36865234375,-0.14111328125,0,NaN
3065,292224272,NaN,NaN,NaN,NaN,0.0283336713910103,5.85157632827759,7.99195337295532,3.48720169067383,1.73461377620697,0.811109483242035,-0.071533203125,-1.366943359375,-0.138916015625,0,NaN
3066,292240939,NaN,NaN,NaN,NaN,0.0471547394990921,5.83135986328125,7.98969268798828,4.68818140029907,3.01679873466492,0.604568660259247,-0.068359375,-1.3671875,-0.138427734375,0,NaN
3067,292257606,NaN,NaN,NaN,NaN,0.0411108434200287,5.86520957946777,7.96816539764404,5.59265565872192,3.66793751716614,0.61308491230011,-0.06884765625,-1.369384765625,-0.135498046875,0,NaN
3068,292274273,NaN,NaN,NaN,NaN,0.000861682929098606,5.92745685577393,8.02459335327148,5.14650821685791,3.7017343044281,0.967372715473175,-0.068359375,-1.36865234375,-0.13720703125,0,NaN
3069,292290940,NaN,NaN,NaN,NaN,-0.0168503243476152,5.83734178543091,7.97750425338745,3.6622257232666,4.40037059783936,1.24451458454132,-0.068359375,-1.36865234375,-0.138427734375,0,NaN
3070,292307607,NaN,NaN,NaN,NaN,-0.0774519592523575,5.73215293884277,7.91103172302246,4.61891222000122,4.24590110778809,1.72643077373505,-0.0654296875,-1.3681640625,-0.13671875,0,NaN
3071,292324274,NaN,NaN,NaN,NaN,-0.0616414621472359,5.75458908081055,7.85440731048584,6.99971485137939,3.71300315856934,2.03050470352173,-0.06884765625,-1.37158203125,-0.1337890625,0,NaN
3072,292340941,NaN,NaN,NaN,NaN,-0.0582546293735504,5.81182718276978,7.90449953079224,6.7115216255188,3.46481680870056,2.44365048408508,-0.0654296875,-1.36865234375,-0.135009765625,0,NaN
3073,292357608,NaN,NaN,NaN,NaN,-0.0520043298602104,5.85779476165771,7.88585329055786,4.99375343322754,3.28119826316833,3.07993412017822,-0.070068359375,-1.371337890625,-0.131591796875,0,NaN
3074,292374275,NaN,NaN,NaN,NaN,-0.0327193923294544,5.74393510818481,7.79619979858398,3.49628138542175,3.11778950691223,3.48315453529358,-0.06689453125,-1.369140625,-0.128173828125,0,NaN
3075,292390942,NaN,NaN,NaN,NaN,-0.0579784624278545,5.68157148361206,7.68984889984131,3.95614457130432,2.8056857585907,3.99456310272217,-0.06787109375,-1.371337890625,-0.12939453125,0,NaN
3076,292407609,NaN,NaN,NaN,NaN,0.017506891861558,5.69496774673462,7.63711833953857,5.7731614112854,2.53535676002502,4.53243064880371,-0.068603515625,-1.371337890625,-0.126708984375,0,NaN
3077,292424276,NaN,NaN,NaN,NaN,0.0292729567736387,5.672447681427,7.65955448150635,7.30321407318115,2.78109860420227,5.31808757781982,-0.0703125,-1.373046875,-0.125,0,NaN
3078,292440943,NaN,NaN,NaN,NaN,0.0490726195275784,5.64248180389404,7.5344386100769,8.8649377822876,3.46992707252502,6.07354879379272,-0.072998046875,-1.371826171875,-0.126708984375,0,NaN
3079,292457610,NaN,NaN,NaN,NaN,0.0243304222822189,5.66612148284912,7.42374515533447,9.92167949676514,3.51966691017151,6.92938470840454,-0.072998046875,-1.37255859375,-0.123779296875,0,NaN
3080,292474277,NaN,NaN,NaN,NaN,0.116573929786682,5.58661079406738,7.41915464401245,8.7411003112793,3.41894507408142,7.90156698226929,-0.072998046875,-1.375244140625,-0.119873046875,0,NaN
3081,292490944,NaN,NaN,NaN,NaN,0.0559659153223038,5.58562517166138,7.44463396072388,8.021409034729,3.18598508834839,9.72363185882568,-0.07470703125,-1.376708984375,-0.1171875,0,NaN
3082,292507611,NaN,NaN,NaN,NaN,-0.0178885366767645,5.64413547515869,7.35739231109619,10.8391046524048,2.9297559261322,11.0922222137451,-0.08203125,-1.37548828125,-0.1171875,0,NaN
3083,292524278,NaN,NaN,NaN,NaN,-0.0317814201116562,5.67404413223267,7.33452844619751,13.601541519165,0.870198845863342,12.3575448989868,-0.08203125,-1.37890625,-0.11474609375,0,NaN
3084,292540945,NaN,NaN,NaN,NaN,-0.00752364611253142,5.81369924545288,7.39613914489746,12.260142326355,-1.40793180465698,13.9085884094238,-0.0849609375,-1.377197265625,-0.1064453125,0,NaN
3085,292557612,NaN,NaN,NaN,NaN,-0.3587965965271,5.90158081054688,7.64243507385254,11.3270349502563,-4.6312952041626,16.2424259185791,-0.090087890625,-1.379150390625,-0.1025390625,0,NaN
3086,292574279,NaN,NaN,NaN,NaN,-0.433273881673813,5.83692836761475,7.71099185943604,13.8422260284424,-8.00317764282227,18.0764484405518,-0.095703125,-1.3779296875,-0.10302734375,0,NaN
3087,292590946,NaN,NaN,NaN,NaN,-0.161969184875488,5.78766345977783,7.41087818145752,20.1668090820312,-11.7186937332153,19.7160472869873,-0.10302734375,-1.37890625,-0.0947265625,0,NaN
3088,292607613,NaN,NaN,NaN,NaN,0.296057969331741,5.79315090179443,7.16296243667603,27.19557762146,-14.8726377487183,21.2418746948242,-0.11376953125,-1.38330078125,-0.085693359375,0,NaN
3089,292624280,NaN,NaN,NaN,NaN,0.614148437976837,5.87083053588867,6.98204708099365,28.2191963195801,-15.8131246566772,22.7282905578613,-0.121826171875,-1.383056640625,-0.07568359375,0,NaN
3090,292640947,NaN,NaN,NaN,NaN,0.684406638145447,5.97854423522949,6.91176605224609,27.4353427886963,-15.9087247848511,24.2321491241455,-0.125244140625,-1.38623046875,-0.069580078125,0,NaN
3091,292657614,NaN,NaN,NaN,NaN,0.590087234973907,5.84521865844727,6.83204793930054,27.2080039978027,-15.4833488464355,24.632453918457,-0.13818359375,-1.38525390625,-0.06103515625,0,NaN
3092,292674281,NaN,NaN,NaN,NaN,0.693889200687408,5.61198091506958,6.67826271057129,30.7164134979248,-14.8980684280396,25.1245098114014,-0.145751953125,-1.3857421875,-0.0498046875,0,NaN
3093,292690948,NaN,NaN,NaN,NaN,0.934139966964722,5.61939239501953,6.40208578109741,34.676628112793,-14.4708232879639,26.6965274810791,-0.1552734375,-1.38818359375,-0.0380859375,0,NaN
3094,292707615,NaN,NaN,NaN,NaN,1.16493225097656,5.92871236801147,6.40132999420166,36.2686042785645,-15.0150871276855,29.9484882354736,-0.163818359375,-1.38916015625,-0.027587890625,0,NaN
3095,292724282,NaN,NaN,NaN,NaN,1.23914051055908,5.91427659988403,6.44915628433228,35.899112701416,-15.7265996932983,33.444751739502,-0.174072265625,-1.389892578125,-0.0146484375,0,NaN
3096,292740949,NaN,NaN,NaN,NaN,1.28977620601654,5.62201023101807,6.2000560760498,39.8127937316895,-15.2542285919189,35.4190063476562,-0.183837890625,-1.3896484375,-0.002197265625,0,NaN
3097,292757616,NaN,NaN,NaN,NaN,1.49488627910614,5.49326419830322,5.82243919372559,49.7273864746094,-15.5026321411133,37.6717224121094,-0.19921875,-1.389892578125,0.013916015625,0,NaN
3098,292774283,NaN,NaN,NaN,NaN,1.64885246753693,6.02002573013306,5.88280200958252,55.7523536682129,-17.5787258148193,41.6768798828125,-0.211181640625,-1.390625,0.03369140625,0,NaN
3099,292790950,NaN,NaN,NaN,NaN,1.70607507228851,6.45846557617188,6.19415616989136,55.0241088867188,-19.2251644134521,45.8559761047363,-0.229248046875,-1.392333984375,0.052490234375,0,NaN
3100,292807617,NaN,NaN,NaN,NaN,1.63754713535309,6.34915208816528,6.13254261016846,52.3393974304199,-18.5670337677002,47.7030868530273,-0.241943359375,-1.391357421875,0.070556640625,0,NaN
3101,292824284,NaN,NaN,NaN,NaN,1.8284912109375,5.91862106323242,5.64613914489746,59.3174743652344,-18.5584888458252,49.3702659606934,-0.260009765625,-1.386962890625,0.08837890625,0,NaN
3102,292840951,NaN,NaN,NaN,NaN,2.09855842590332,6.26947784423828,5.48136234283447,70.5722579956055,-20.8603630065918,52.4819297790527,-0.27587890625,-1.386474609375,0.112060546875,0,NaN
3103,292857618,NaN,NaN,NaN,NaN,2.19312644004822,6.78066444396973,5.93416118621826,74.0486679077148,-24.1391277313232,56.262077331543,-0.29248046875,-1.385009765625,0.13671875,0,NaN
3104,292874285,NaN,NaN,NaN,NaN,2.52549958229065,6.66603136062622,6.03864479064941,70.0869522094727,-25.1797142028809,60.2730445861816,-0.310791015625,-1.381103515625,0.161865234375,0,NaN
3105,292890952,NaN,NaN,NaN,NaN,2.8846378326416,6.52749490737915,5.41913270950317,73.5592651367188,-23.7843112945557,65.1311492919922,-0.33056640625,-1.37255859375,0.18408203125,0,NaN
3106,292907619,NaN,NaN,NaN,NaN,2.99954509735107,6.78641033172607,4.839439868927,85.2262802124023,-23.8496894836426,69.6322021484375,-0.3515625,-1.365478515625,0.21044921875,0,NaN
3107,292924286,NaN,NaN,NaN,NaN,3.00388956069946,7.30173635482788,5.01407909393311,93.3342666625977,-25.957633972168,72.4222640991211,-0.375732421875,-1.359130859375,0.2451171875,0,NaN
3108,292940953,NaN,NaN,NaN,NaN,3.34341907501221,7.07534837722778,5.3061318397522,96.281120300293,-28.0883140563965,74.1445465087891,-0.39453125,-1.348876953125,0.2744140625,0,NaN
3109,292957620,NaN,NaN,NaN,NaN,3.72460103034973,7.19388103485107,5.06867837905884,99.1818237304688,-25.2528171539307,76.1365737915039,-0.417236328125,-1.33642578125,0.30615234375,0,NaN
3110,292974287,NaN,NaN,NaN,NaN,4.11484479904175,7.49256563186646,4.39607954025269,102.816299438477,-22.2139873504639,80.3823623657227,-0.440673828125,-1.319091796875,0.3408203125,0,NaN
3111,292990954,NaN,NaN,NaN,NaN,3.92415523529053,8.52296447753906,4.26468849182129,96.8898773193359,-21.9910202026367,82.196159362793,-0.4638671875,-1.304931640625,0.3740234375,0,NaN
3112,293007621,NaN,NaN,NaN,NaN,4.10031604766846,8.3364372253418,4.63338994979858,83.3339767456055,-22.4919013977051,80.7179183959961,-0.4853515625,-1.289306640625,0.39794921875,0,NaN
3113,293024288,NaN,NaN,NaN,NaN,4.56150579452515,7.60359477996826,4.59841203689575,71.8348388671875,-19.9418067932129,79.5256729125977,-0.504638671875,-1.270751953125,0.42138671875,0,NaN
3114,293040955,NaN,NaN,NaN,NaN,4.82348346710205,7.49489784240723,3.81750798225403,68.742561340332,-14.5652933120728,81.5206985473633,-0.526123046875,-1.25341796875,0.447265625,0,NaN
3115,293057622,NaN,NaN,NaN,NaN,4.83327198028564,8.04508113861084,3.49847006797791,76.5689315795898,-13.8892412185669,85.1266326904297,-0.55029296875,-1.2333984375,0.466796875,0,NaN
3116,293074289,NaN,NaN,NaN,NaN,4.78194046020508,8.59299564361572,3.56260848045349,71.6511154174805,-13.3559951782227,84.5398101806641,-0.571533203125,-1.209228515625,0.485107421875,0,NaN
3117,293090956,NaN,NaN,NaN,NaN,4.91663122177124,8.60636901855469,3.58436298370361,64.4231338500977,-12.2311449050903,82.5461730957031,-0.590087890625,-1.18798828125,0.504638671875,0,NaN
3118,293107623,NaN,NaN,NaN,NaN,5.29958820343018,8.02222728729248,3.54959321022034,64.3769683837891,-10.7541217803955,81.6267547607422,-0.607177734375,-1.16796875,0.523193359375,0,NaN
3119,293124290,NaN,NaN,NaN,NaN,5.98274803161621,7.8410816192627,3.09977555274963,67.2109069824219,-5.22436714172363,82.3126678466797,-0.627685546875,-1.142333984375,0.538818359375,0,NaN
3120,293140957,NaN,NaN,NaN,NaN,6.31402444839478,8.16142177581787,2.6352379322052,68.5260696411133,0.480379372835159,82.965217590332,-0.645751953125,-1.118408203125,0.554443359375,0,NaN
3121,293157624,NaN,NaN,NaN,NaN,6.04420614242554,8.76108932495117,2.5446310043335,64.6204986572266,3.54870653152466,82.3562316894531,-0.662353515625,-1.093017578125,0.56494140625,0,NaN
3122,293174291,NaN,NaN,NaN,NaN,6.05957841873169,8.63132476806641,2.79401588439941,62.2543334960938,4.39096403121948,80.0227661132812,-0.680908203125,-1.069580078125,0.578369140625,0,NaN
3123,293190958,NaN,NaN,NaN,NaN,6.30131149291992,8.17545795440674,2.98839592933655,60.8362503051758,7.38614273071289,77.5288314819336,-0.692138671875,-1.04296875,0.589599609375,0,NaN
3124,293207625,NaN,NaN,NaN,NaN,6.65041589736938,7.94785308837891,2.56556749343872,58.0029296875,12.1376066207886,77.5991516113281,-0.712646484375,-1.019775390625,0.597900390625,0,NaN
3125,293224292,NaN,NaN,NaN,NaN,7.02481889724731,7.78611469268799,2.14414763450623,61.0698432922363,15.7404508590698,79.6691818237305,-0.725830078125,-0.99365234375,0.602294921875,0,NaN
3126,293240959,NaN,NaN,NaN,NaN,6.79562950134277,8.24956035614014,1.83086025714874,60.7414398193359,18.2693347930908,78.7550735473633,-0.741943359375,-0.96533203125,0.610595703125,0,NaN
3127,293257626,NaN,NaN,NaN,NaN,6.49178266525269,8.75250816345215,1.9849179983139,63.1949043273926,18.8005924224854,73.6588516235352,-0.75634765625,-0.9404296875,0.615478515625,0,NaN
3128,293274293,NaN,NaN,NaN,NaN,6.70931911468506,8.11830234527588,2.36560869216919,61.9538116455078,20.0574321746826,69.7261123657227,-0.76904296875,-0.9150390625,0.6201171875,0,NaN
3129,293290960,NaN,NaN,NaN,NaN,7.19288015365601,7.59249448776245,2.35252833366394,55.3405570983887,21.5440273284912,70.1076889038086,-0.78173828125,-0.888671875,0.622802734375,0,NaN
3130,293307627,NaN,NaN,NaN,NaN,7.58549451828003,7.29021406173706,1.87265157699585,53.5608406066895,26.6450176239014,72.2528228759766,-0.793212890625,-0.864990234375,0.6220703125,0,NaN
3131,293324294,NaN,NaN,NaN,NaN,7.65066337585449,7.27213859558105,1.45728850364685,58.8779029846191,30.0585498809814,72.3847732543945,-0.80712890625,-0.8388671875,0.6220703125,0,NaN
3132,293340961,NaN,NaN,NaN,NaN,7.62394762039185,7.5094895362854,1.40934348106384,63.5673828125,30.1305637359619,70.1170883178711,-0.81787109375,-0.8125,0.61962890625,0,NaN
3133,293357628,NaN,NaN,NaN,NaN,7.5477147102356,7.51631355285645,1.54791712760925,67.3613586425781,29.9358386993408,67.6428070068359,-0.82666015625,-0.7861328125,0.6201171875,0,NaN
3134,293374295,NaN,NaN,NaN,NaN,7.66158199310303,7.24974012374878,1.78396725654602,65.5100402832031,29.7120952606201,66.8613739013672,-0.8349609375,-0.7607421875,0.618408203125,0,NaN
3135,293390962,NaN,NaN,NaN,NaN,7.98726654052734,6.8414626121521,1.71928739547729,61.6573753356934,30.656566619873,68.1461410522461,-0.845703125,-0.736083984375,0.614013671875,0,NaN
3136,293407629,NaN,NaN,NaN,NaN,8.05739879608154,6.72556400299072,1.50517511367798,58.35888671875,30.9503631591797,70.0844421386719,-0.856689453125,-0.71142578125,0.61328125,0,NaN
3137,293424296,NaN,NaN,NaN,NaN,7.88539695739746,6.9749927520752,1.2967015504837,56.5993881225586,29.4817028045654,69.5483474731445,-0.863037109375,-0.686767578125,0.608154296875,0,NaN
3138,293440963,NaN,NaN,NaN,NaN,7.66209077835083,7.10249519348145,1.3437077999115,54.7935028076172,27.8158836364746,65.6757202148438,-0.872802734375,-0.66357421875,0.600830078125,0,NaN
3139,293457630,NaN,NaN,NaN,NaN,7.70279264450073,6.73459529876709,1.53112947940826,53.0352630615234,26.6728267669678,62.7405395507812,-0.8798828125,-0.638427734375,0.601806640625,0,NaN
3140,293474297,NaN,NaN,NaN,NaN,7.7911205291748,6.09521961212158,1.64899432659149,53.2926445007324,25.2925930023193,62.8660926818848,-0.884765625,-0.6171875,0.5966796875,0,NaN
3141,293490964,NaN,NaN,NaN,NaN,8.07443904876709,5.92564821243286,1.52254354953766,53.5010185241699,22.6345958709717,64.3020782470703,-0.89013671875,-0.593994140625,0.591796875,0,NaN
3142,293507631,NaN,NaN,NaN,NaN,8.29895496368408,5.95417737960815,1.40027904510498,57.0142250061035,19.5285797119141,65.4012069702148,-0.89599609375,-0.5693359375,0.590576171875,0,NaN
3143,293524298,NaN,NaN,NaN,NaN,8.37448024749756,6.2174277305603,1.44726669788361,57.4520683288574,16.3458080291748,64.2503128051758,-0.90185546875,-0.54638671875,0.588134765625,0,NaN
3144,293540965,NaN,NaN,NaN,NaN,8.45554161071777,6.19614505767822,1.49985980987549,53.4243049621582,16.3242015838623,62.1494026184082,-0.90283203125,-0.51904296875,0.580810546875,0,NaN
3145,293557632,NaN,NaN,NaN,NaN,8.4930248260498,5.7788462638855,1.35186433792114,49.5006103515625,18.1399879455566,60.7956237792969,-0.9052734375,-0.49951171875,0.5791015625,0,NaN
3146,293574299,NaN,NaN,NaN,NaN,8.65074729919434,5.30833625793457,1.15143632888794,49.3977813720703,18.9280185699463,60.8108291625977,-0.911376953125,-0.479248046875,0.576416015625,0,NaN
3147,293590966,NaN,NaN,NaN,NaN,9.03899669647217,5.04211091995239,0.881590068340302,54.5501098632812,19.7897319793701,61.2841110229492,-0.912841796875,-0.456787109375,0.572265625,0,NaN
3148,293607633,NaN,NaN,NaN,NaN,9.30386352539062,4.89634799957275,0.869989395141602,63.1358375549316,20.6765117645264,60.7675247192383,-0.915283203125,-0.435791015625,0.563232421875,0,NaN
3149,293624300,NaN,NaN,NaN,NaN,9.2739372253418,5.15011978149414,0.854353010654449,65.8007354736328,21.8128795623779,59.0153160095215,-0.916748046875,-0.41162109375,0.560546875,0,NaN
3150,293640967,NaN,NaN,NaN,NaN,9.21028327941895,5.27938604354858,0.883965075016022,63.7792892456055,22.00146484375,56.4011268615723,-0.9169921875,-0.390380859375,0.552490234375,0,NaN
3151,293657634,NaN,NaN,NaN,NaN,9.20826244354248,5.11590242385864,0.987727761268616,54.9761199951172,21.5069561004639,53.0417861938477,-0.917724609375,-0.37158203125,0.544189453125,0,NaN
3152,293674301,NaN,NaN,NaN,NaN,9.15035820007324,4.7642388343811,0.99993896484375,44.9391632080078,22.0682315826416,51.5683250427246,-0.91748046875,-0.3515625,0.53515625,0,NaN
3153,293690968,NaN,NaN,NaN,NaN,9.06757164001465,4.38208103179932,0.921078860759735,39.2886810302734,22.2790679931641,51.4100761413574,-0.917236328125,-0.335205078125,0.53125,0,NaN
3154,293707635,NaN,NaN,NaN,NaN,9.05626583099365,4.08773565292358,0.847128748893738,39.4861679077148,21.7006664276123,50.4974899291992,-0.921630859375,-0.31787109375,0.527099609375,0,NaN
3155,293724302,NaN,NaN,NaN,NaN,9.14193439483643,3.94802689552307,0.807703852653503,42.3689041137695,20.3290977478027,49.0684967041016,-0.919189453125,-0.302978515625,0.5166015625,0,NaN
3156,293740969,NaN,NaN,NaN,NaN,9.29378414154053,3.91937208175659,0.919532895088196,46.0368614196777,19.0818367004395,47.480827331543,-0.919921875,-0.28515625,0.5107421875,0,NaN
3157,293757636,NaN,NaN,NaN,NaN,9.30651473999023,3.99893140792847,1.02375626564026,47.8944854736328,18.6525249481201,46.5324668884277,-0.920166015625,-0.270751953125,0.50244140625,0,NaN
3158,293774303,NaN,NaN,NaN,NaN,9.26206398010254,4.08417320251465,1.09225082397461,45.0739440917969,17.7802658081055,46.2257919311523,-0.917724609375,-0.252197265625,0.493408203125,0,NaN
3159,293790970,NaN,NaN,NaN,NaN,9.33351421356201,4.0934739112854,1.02137875556946,38.0541725158691,16.6538619995117,45.7652244567871,-0.919189453125,-0.23828125,0.48779296875,0,NaN
3160,293807637,NaN,NaN,NaN,NaN,9.32061004638672,3.95425724983215,0.972513854503632,30.6098041534424,15.4497203826904,44.7551345825195,-0.915771484375,-0.223388671875,0.481689453125,0,NaN
3161,293824304,NaN,NaN,NaN,NaN,9.27890586853027,3.89634156227112,0.897396862506866,28.0581150054932,14.3099145889282,43.242359161377,-0.91650390625,-0.2099609375,0.474853515625,0,NaN
3162,293840971,NaN,NaN,NaN,NaN,9.30460453033447,3.75999855995178,0.842612624168396,28.8817691802979,14.0021047592163,41.3791351318359,-0.91357421875,-0.196044921875,0.47021484375,0,NaN
3163,293857638,NaN,NaN,NaN,NaN,9.29593944549561,3.50945615768433,0.892501592636108,33.8674964904785,12.7791185379028,39.8900260925293,-0.908935546875,-0.1845703125,0.46533203125,0,NaN
3164,293874305,NaN,NaN,NaN,NaN,9.32122993469238,3.35746669769287,0.966885507106781,40.644344329834,10.9306335449219,38.6937637329102,-0.909912109375,-0.171142578125,0.458984375,0,NaN
3165,293890972,NaN,NaN,NaN,NaN,9.44023895263672,3.45209789276123,0.987678110599518,44.1051330566406,9.76216125488281,37.5479507446289,-0.906982421875,-0.158203125,0.45556640625,0,NaN
3166,293907639,NaN,NaN,NaN,NaN,9.52728366851807,3.56934785842896,1.02708804607391,43.3289031982422,8.97820568084717,35.3641090393066,-0.9052734375,-0.14599609375,0.448974609375,0,NaN
3167,293924306,NaN,NaN,NaN,NaN,9.54208087921143,3.56850934028625,1.11117565631866,38.654109954834,8.8670539855957,33.0691757202148,-0.905517578125,-0.13427734375,0.445556640625,0,NaN
3168,293940973,NaN,NaN,NaN,NaN,9.52498531341553,3.38189768791199,1.11881363391876,34.2783813476562,9.34502696990967,31.0681571960449,-0.90087890625,-0.126220703125,0.43701171875,0,NaN
3169,293957640,NaN,NaN,NaN,NaN,9.57586097717285,3.10852217674255,1.07578897476196,32.7296562194824,9.63844108581543,29.012752532959,-0.899169921875,-0.118408203125,0.43310546875,0,NaN
3170,293974307,NaN,NaN,NaN,NaN,9.65784072875977,3.02656698226929,1.06169414520264,32.2187728881836,9.21593761444092,26.5047740936279,-0.897216796875,-0.10791015625,0.42822265625,0,NaN
3171,293990974,NaN,NaN,NaN,NaN,9.69368076324463,3.03702640533447,1.0435779094696,31.468412399292,9.59437561035156,24.1541404724121,-0.8955078125,-0.10009765625,0.4208984375,0,NaN
3172,294007641,NaN,NaN,NaN,NaN,9.75932216644287,3.01394581794739,1.0395085811615,29.9238376617432,10.1694927215576,21.9255256652832,-0.894287109375,-0.090576171875,0.415771484375,0,NaN
3173,294024308,NaN,NaN,NaN,NaN,9.75944137573242,2.92219805717468,1.00903904438019,26.5249500274658,11.6128921508789,19.9795455932617,-0.895263671875,-0.08447265625,0.412841796875,0,NaN
3174,294040975,NaN,NaN,NaN,NaN,9.80644989013672,2.81907677650452,0.973058938980103,23.9395904541016,13.1195449829102,18.1052169799805,-0.89111328125,-0.078369140625,0.4072265625,0,NaN
3175,294057642,NaN,NaN,NaN,NaN,9.79124355316162,2.63429617881775,0.970934808254242,23.369966506958,14.4146957397461,16.6771774291992,-0.893798828125,-0.07568359375,0.3984375,0,NaN
3176,294074309,NaN,NaN,NaN,NaN,9.72377681732178,2.51028490066528,1.03399884700775,25.4468212127686,14.6042814254761,15.257755279541,-0.888671875,-0.068603515625,0.39111328125,0,NaN
3177,294090976,NaN,NaN,NaN,NaN,9.6821985244751,2.44810891151428,1.06787478923798,28.3765354156494,13.8990907669067,14.7859334945679,-0.888427734375,-0.065185546875,0.386474609375,0,NaN
3178,294107643,NaN,NaN,NaN,NaN,9.70099353790283,2.49442720413208,1.1491676568985,31.4944362640381,13.3143301010132,14.0383682250977,-0.888916015625,-0.059814453125,0.379150390625,0,NaN
3179,294124310,NaN,NaN,NaN,NaN,9.68827152252197,2.51296710968018,1.27933239936829,32.0440788269043,13.7073354721069,13.0704469680786,-0.886474609375,-0.056396484375,0.373046875,0,NaN
3180,294140977,NaN,NaN,NaN,NaN,9.64504623413086,2.46364092826843,1.35553932189941,30.2855949401855,13.4221706390381,12.2212238311768,-0.884033203125,-0.054443359375,0.366455078125,0,NaN
3181,294157644,NaN,NaN,NaN,NaN,9.6019926071167,2.37993884086609,1.34854924678802,28.2678661346436,12.5458841323853,12.0244989395142,-0.884033203125,-0.04541015625,0.363037109375,0,NaN
3182,294174311,NaN,NaN,NaN,NaN,9.62905979156494,2.32847428321838,1.23418986797333,26.2984027862549,11.5024766921997,11.130181312561,-0.8857421875,-0.044921875,0.36083984375,0,NaN
3183,294190978,NaN,NaN,NaN,NaN,9.66637325286865,2.32848978042603,1.22265017032623,24.0007228851318,10.7943677902222,10.2897844314575,-0.88427734375,-0.04345703125,0.348876953125,0,NaN
3184,294207645,NaN,NaN,NaN,NaN,9.66156482696533,2.27974843978882,1.29027986526489,21.4146690368652,11.1610097885132,9.13753795623779,-0.88427734375,-0.038330078125,0.344970703125,0,NaN
3185,294224312,NaN,NaN,NaN,NaN,9.63907718658447,2.15027165412903,1.28027379512787,18.2449798583984,11.0629081726074,8.71124839782715,-0.883544921875,-0.037353515625,0.33984375,0,NaN
3186,294240979,NaN,NaN,NaN,NaN,9.60779094696045,2.1190779209137,1.2373183965683,16.523717880249,10.5488815307617,8.02531051635742,-0.8818359375,-0.032958984375,0.334228515625,0,NaN
3187,294257646,NaN,NaN,NaN,NaN,9.57142353057861,2.09466648101807,1.18561518192291,16.2662467956543,9.74690723419189,7.56823635101318,-0.880615234375,-0.032470703125,0.3310546875,0,NaN
3188,294274313,NaN,NaN,NaN,NaN,9.57365322113037,2.15632081031799,1.19539165496826,16.3511257171631,8.9735050201416,7.18930959701538,-0.88037109375,-0.02978515625,0.325439453125,0,NaN
3189,294290980,NaN,NaN,NaN,NaN,9.56505298614502,2.14088797569275,1.27033317089081,15.432559967041,8.60042858123779,6.73545074462891,-0.878173828125,-0.027587890625,0.3203125,0,NaN
3190,294307647,NaN,NaN,NaN,NaN,9.52804756164551,2.09310460090637,1.29426229000092,13.3563013076782,8.49802780151367,6.58309173583984,-0.879638671875,-0.025390625,0.318115234375,0,NaN
3191,294324314,NaN,NaN,NaN,NaN,9.58881759643555,2.03212952613831,1.28416001796722,12.4559335708618,7.52978754043579,6.19087028503418,-0.878662109375,-0.027099609375,0.314697265625,0,NaN
3192,294340981,NaN,NaN,NaN,NaN,9.61820411682129,1.93989551067352,1.2667875289917,14.6049184799194,5.93105554580688,6.25348138809204,-0.87744140625,-0.02197265625,0.310791015625,0,NaN
3193,294357648,NaN,NaN,NaN,NaN,9.67957210540771,1.92826342582703,1.13075196743011,17.2581081390381,4.6100287437439,5.89516067504883,-0.877685546875,-0.022216796875,0.303955078125,0,NaN
3194,294374315,NaN,NaN,NaN,NaN,9.68531513214111,2.02965521812439,1.13938236236572,19.3593902587891,3.4699432849884,4.6275110244751,-0.877685546875,-0.019287109375,0.30224609375,0,NaN
3195,294390982,NaN,NaN,NaN,NaN,9.65068817138672,2.26577997207642,1.2226494550705,19.7418308258057,1.55336761474609,4.52225494384766,-0.877685546875,-0.02001953125,0.300048828125,0,NaN
3196,294407649,NaN,NaN,NaN,NaN,9.67130374908447,2.22154378890991,1.23362624645233,15.9103603363037,0.697184681892395,4.60859298706055,-0.87646484375,-0.01611328125,0.29736328125,0,NaN
3197,294424316,NaN,NaN,NaN,NaN,9.65817356109619,2.15831899642944,1.2582710981369,12.681040763855,0.997916281223297,4.26185941696167,-0.877197265625,-0.017578125,0.299072265625,0,NaN
3198,294440983,NaN,NaN,NaN,NaN,9.67532348632812,2.12010884284973,1.31462645530701,10.9473533630371,0.813670992851257,3.54737997055054,-0.87548828125,-0.01611328125,0.2978515625,0,NaN
3199,294457650,NaN,NaN,NaN,NaN,9.70340347290039,2.01688075065613,1.51078128814697,9.75052070617676,-0.127986699342728,3.13472008705139,-0.8759765625,-0.015380859375,0.296630859375,0,NaN
3200,294474317,NaN,NaN,NaN,NaN,9.78186321258545,1.89603614807129,1.58312952518463,7.99461364746094,-0.846282064914703,3.50204372406006,-0.878662109375,-0.014892578125,0.2939453125,0,NaN
3201,294490984,NaN,NaN,NaN,NaN,9.75573444366455,1.72957944869995,1.63825249671936,6.7362756729126,-1.1272280216217,4.40249729156494,-0.874755859375,-0.01318359375,0.29443359375,0,NaN
3202,294507651,NaN,NaN,NaN,NaN,9.66932106018066,1.58380579948425,1.56450748443604,7.78106927871704,-1.35767829418182,5.13385629653931,-0.875244140625,-0.01171875,0.292724609375,0,NaN
3203,294524318,NaN,NaN,NaN,NaN,9.55368232727051,1.57960724830627,1.55665636062622,10.4527978897095,-1.25558638572693,5.48290729522705,-0.874755859375,-0.010498046875,0.292724609375,0,NaN
3204,294540985,NaN,NaN,NaN,NaN,9.57056427001953,1.78043472766876,1.69730520248413,14.6746988296509,-0.0635963901877403,5.33212661743164,-0.875732421875,-0.00927734375,0.292236328125,0,NaN
3205,294557652,NaN,NaN,NaN,NaN,9.58949851989746,1.54060852527618,1.69475114345551,16.3843650817871,1.430912733078,7.03997230529785,-0.87353515625,-0.0078125,0.29052734375,0,NaN
3206,294574319,NaN,NaN,NaN,NaN,9.58694362640381,1.32496619224548,1.64573550224304,20.2427921295166,2.20701789855957,9.07203960418701,-0.871826171875,-0.00439453125,0.285400390625,0,NaN
3207,294590986,NaN,NaN,NaN,NaN,9.5738468170166,1.32832193374634,1.59073400497437,25.774242401123,1.93640863895416,10.4629898071289,-0.871826171875,-0.0029296875,0.284423828125,0,NaN
3208,294607653,NaN,NaN,NaN,NaN,9.63383102416992,1.51416945457458,1.64235019683838,31.0885353088379,1.4294821023941,10.7322797775269,-0.87060546875,-0.000732421875,0.27978515625,0,NaN
3209,294624320,NaN,NaN,NaN,NaN,9.68384552001953,1.68366515636444,1.71988821029663,32.8036079406738,2.29597687721252,10.7958555221558,-0.869384765625,0.003173828125,0.276611328125,0,NaN
3210,294640987,NaN,NaN,NaN,NaN,9.68565082550049,1.84690845012665,1.7283411026001,31.6679439544678,3.21135210990906,10.5647869110107,-0.8681640625,0.00537109375,0.270263671875,0,NaN
3211,294657654,NaN,NaN,NaN,NaN,9.66423225402832,1.9784631729126,1.70006000995636,28.4374942779541,3.56174540519714,10.0326356887817,-0.86865234375,0.007568359375,0.2685546875,0,NaN
3212,294674321,NaN,NaN,NaN,NaN,9.61573696136475,2.11934065818787,1.5953460931778,22.9789485931396,3.2587559223175,8.6376895904541,-0.864013671875,0.009765625,0.265869140625,0,NaN
3213,294690988,NaN,NaN,NaN,NaN,9.44693183898926,2.48240733146667,1.51290881633759,17.2923908233643,2.75373339653015,5.70512628555298,-0.86669921875,0.012451171875,0.2607421875,0,NaN
3214,294707655,NaN,NaN,NaN,NaN,9.41189002990723,3.05402374267578,1.44129776954651,9.11541652679443,3.45749163627625,-0.411493808031082,-0.864013671875,0.012451171875,0.263671875,0,NaN
3215,294724322,NaN,NaN,NaN,NaN,9.50346660614014,2.79804682731628,1.28495955467224,-2.36855983734131,1.12116384506226,-0.221037581562996,-0.864990234375,0.0107421875,0.25732421875,0,NaN
3216,294740989,NaN,NaN,NaN,NaN,9.507004737854,2.54984521865845,1.29004919528961,-5.6512246131897,-0.217426210641861,0.198325544595718,-0.864501953125,0.011962890625,0.2568359375,0,NaN
3217,294757656,NaN,NaN,NaN,NaN,9.58081912994385,2.21963262557983,1.27770590782166,-3.68546295166016,-0.590065360069275,0.948752045631409,-0.86328125,0.01416015625,0.258056640625,0,NaN
3218,294774323,NaN,NaN,NaN,NaN,9.65534973144531,1.86405026912689,1.32490241527557,1.83246719837189,-0.463974058628082,1.22858357429504,-0.8662109375,0.0146484375,0.258544921875,0,NaN
3219,294790990,NaN,NaN,NaN,NaN,9.62877082824707,1.80440771579742,1.41583967208862,6.94743967056274,0.904788017272949,-0.29494309425354,-0.865478515625,0.01025390625,0.25634765625,0,NaN
3220,294807657,NaN,NaN,NaN,NaN,9.67362499237061,1.75435674190521,1.49936664104462,10.9770641326904,1.08362901210785,-1.01912975311279,-0.864501953125,0.01416015625,0.255126953125,0,NaN
3221,294824324,NaN,NaN,NaN,NaN,9.67450523376465,1.66513156890869,1.61322295665741,11.378080368042,0.719710648059845,-1.01048541069031,-0.864990234375,0.01123046875,0.254150390625,0,NaN
3222,294840991,NaN,NaN,NaN,NaN,9.6481237411499,1.58566248416901,1.69243288040161,9.9262752532959,0.615966439247131,-1.08903956413269,-0.866455078125,0.009521484375,0.2490234375,0,NaN
3223,294857658,NaN,NaN,NaN,NaN,9.6146183013916,1.60281085968018,1.6681764125824,7.86249208450317,0.0216235276311636,-1.01366126537323,-0.865966796875,0.01123046875,0.25244140625,0,NaN
3224,294874325,NaN,NaN,NaN,NaN,9.56608295440674,1.65747332572937,1.69380581378937,6.22421407699585,-0.646285355091095,-0.704170048236847,-0.864990234375,0.0078125,0.251220703125,0,NaN
3225,294890992,NaN,NaN,NaN,NaN,9.56948566436768,1.73511838912964,1.67687225341797,4.9072208404541,-0.905434668064117,-0.200598686933517,-0.86767578125,0.009765625,0.25244140625,0,NaN
3226,294907659,NaN,NaN,NaN,NaN,9.56834506988525,1.73190009593964,1.6751070022583,3.41738057136536,-0.98096638917923,0.302133798599243,-0.865966796875,0.00732421875,0.24853515625,0,NaN
3227,294924326,NaN,NaN,NaN,NaN,9.6058349609375,1.75949168205261,1.63075375556946,1.88324415683746,-0.859254896640778,0.694328248500824,-0.86376953125,0.01171875,0.250244140625,0,NaN
3228,294940993,NaN,NaN,NaN,NaN,9.60470390319824,1.72768878936768,1.58245444297791,1.27487850189209,-0.838931143283844,0.964170873165131,-0.86767578125,0.01025390625,0.251220703125,0,NaN
3229,294957660,NaN,NaN,NaN,NaN,9.65229988098145,1.73108100891113,1.54618501663208,1.64601933956146,-1.01396834850311,0.92600804567337,-0.86767578125,0.008056640625,0.250732421875,0,NaN
3230,294974327,NaN,NaN,NaN,NaN,9.70144271850586,1.75067293643951,1.52140522003174,2.84146642684937,-0.854823768138885,0.827732086181641,-0.865478515625,0.011962890625,0.251220703125,0,NaN
3231,294990994,NaN,NaN,NaN,NaN,9.76271152496338,1.75898611545563,1.52237296104431,3.00227618217468,-0.664918482303619,0.581184148788452,-0.862548828125,0.01123046875,0.2490234375,0,NaN
3232,295007661,NaN,NaN,NaN,NaN,9.77863502502441,1.81212198734283,1.54382979869843,2.65257287025452,-0.471337765455246,0.631884574890137,-0.865478515625,0.009521484375,0.247802734375,0,NaN
3233,295024328,NaN,NaN,NaN,NaN,9.74229621887207,1.78054237365723,1.49476802349091,1.37648403644562,-0.333938330411911,0.718199193477631,-0.866943359375,0.009033203125,0.247802734375,0,NaN
3234,295040995,NaN,NaN,NaN,NaN,9.66329479217529,1.78381431102753,1.48300337791443,1.02328503131866,0.0137220025062561,0.828615605831146,-0.862548828125,0.0107421875,0.2490234375,0,NaN
3235,295057662,NaN,NaN,NaN,NaN,9.62982559204102,1.76132714748383,1.44358372688293,1.29666197299957,0.0829659402370453,0.8679438829422,-0.86474609375,0.0107421875,0.247314453125,0,NaN
3236,295074329,NaN,NaN,NaN,NaN,9.60691738128662,1.78672385215759,1.4808167219162,1.97108316421509,-0.0389313101768494,0.886308312416077,-0.865966796875,0.0107421875,0.250244140625,0,NaN
3237,295090996,NaN,NaN,NaN,NaN,9.5903844833374,1.78589105606079,1.49305164813995,2.38978624343872,-0.143738448619843,0.945576012134552,-0.865478515625,0.012451171875,0.247802734375,0,NaN
3238,295107663,NaN,NaN,NaN,NaN,9.58671569824219,1.7897881269455,1.51799809932709,2.87288045883179,-0.440948277711868,0.892557799816132,-0.862548828125,0.0107421875,0.250244140625,0,NaN
3239,295124330,NaN,NaN,NaN,NaN,9.63145923614502,1.7951751947403,1.5862056016922,2.48012256622314,-0.918561100959778,0.914098083972931,-0.865478515625,0.0107421875,0.24853515625,0,NaN
3240,295140997,NaN,NaN,NaN,NaN,9.66221046447754,1.82123720645905,1.59816539287567,1.2771965265274,-1.12928950786591,0.972674250602722,-0.866943359375,0.012939453125,0.246826171875,0,NaN
3241,295157664,NaN,NaN,NaN,NaN,9.66777992248535,1.81200170516968,1.60985386371613,0.00716515211388469,-1.05141401290894,0.939774692058563,-0.865234375,0.01171875,0.246337890625,0,NaN
3242,295174331,NaN,NaN,NaN,NaN,9.65011024475098,1.77521955966949,1.59963119029999,-0.615588426589966,-0.770942211151123,0.895567178726196,-0.8642578125,0.013427734375,0.2490234375,0,NaN
3243,295190998,NaN,NaN,NaN,NaN,9.63125801086426,1.76981925964355,1.53872084617615,-0.737107872962952,-0.548124611377716,0.859773576259613,-0.864501953125,0.01123046875,0.25634765625,0,NaN
3244,295207665,NaN,NaN,NaN,NaN,9.58888149261475,1.76153242588043,1.51194894313812,0.0668171271681786,-0.418127298355103,0.406262218952179,-0.86474609375,0.012939453125,0.24853515625,0,NaN
3245,295224332,NaN,NaN,NaN,NaN,9.61768627166748,1.80948925018311,1.54632461071014,0.886922895908356,-0.529798686504364,0.288520604372025,-0.86474609375,0.01123046875,0.24853515625,0,NaN
3246,295240999,NaN,NaN,NaN,NaN,9.62649059295654,1.84532856941223,1.56567811965942,0.695263147354126,-0.445174366235733,0.331908583641052,-0.86474609375,0.009521484375,0.2490234375,0,NaN
3247,295257666,NaN,NaN,NaN,NaN,9.68398666381836,1.84948205947876,1.58519327640533,0.228407666087151,-0.128601357340813,0.231045752763748,-0.8642578125,0.010009765625,0.24853515625,0,NaN
3248,295274333,NaN,NaN,NaN,NaN,9.68791007995605,1.84092783927917,1.57200062274933,0.100203268229961,-0.186473250389099,0.289506733417511,-0.866455078125,0.009521484375,0.246337890625,0,NaN
3249,295291000,NaN,NaN,NaN,NaN,9.6897144317627,1.84488797187805,1.54300010204315,0.167206093668938,-0.827853679656982,0.323917418718338,-0.86376953125,0.012451171875,0.246337890625,0,NaN
3250,295307667,NaN,NaN,NaN,NaN,9.69410228729248,1.87305819988251,1.56227922439575,0.897488176822662,-0.916524827480316,0.107362031936646,-0.86474609375,0.009033203125,0.247802734375,0,NaN
3251,295324334,NaN,NaN,NaN,NaN,9.63856983184814,1.84071409702301,1.54327857494354,0.673364222049713,-0.731934070587158,0.0642558559775352,-0.864990234375,0.008544921875,0.250244140625,0,NaN
3252,295341001,NaN,NaN,NaN,NaN,9.58971786499023,1.86368596553802,1.53212714195251,0.623842179775238,-0.68533182144165,0.0749235525727272,-0.86376953125,0.01025390625,0.250732421875,0,NaN
3253,295357668,NaN,NaN,NaN,NaN,9.60079669952393,1.81231093406677,1.50360202789307,0.590558409690857,-0.408432900905609,-0.246074005961418,-0.8671875,0.011962890625,0.24951171875,0,NaN
3254,295374335,NaN,NaN,NaN,NaN,9.65609264373779,1.77187478542328,1.53980875015259,1.00807738304138,-0.469487130641937,-0.293194979429245,-0.866455078125,0.00732421875,0.24951171875,0,NaN
3255,295391002,NaN,NaN,NaN,NaN,9.67018604278564,1.77837133407593,1.55558383464813,0.922870278358459,-0.547753155231476,-0.208820343017578,-0.863037109375,0.010009765625,0.2451171875,0,NaN
3256,295407669,NaN,NaN,NaN,NaN,9.66607666015625,1.79468739032745,1.55403733253479,0.235950589179993,-0.608147919178009,-0.252131432294846,-0.866455078125,0.010009765625,0.2451171875,0,NaN
3257,295424336,NaN,NaN,NaN,NaN,9.66156387329102,1.79247379302979,1.56819546222687,-0.064787320792675,-0.411506414413452,-0.170516535639763,-0.861572265625,0.010009765625,0.246337890625,0,NaN
3258,295441003,NaN,NaN,NaN,NaN,9.63918590545654,1.77030503749847,1.57731115818024,-0.078234001994133,-0.461156666278839,-0.211765810847282,-0.866943359375,0.0107421875,0.247314453125,0,NaN
3259,295457670,NaN,NaN,NaN,NaN,9.6412935256958,1.76190435886383,1.60764467716217,0.134165719151497,-0.627587914466858,-0.105716414749622,-0.865966796875,0.01171875,0.247802734375,0,NaN
3260,295474337,NaN,NaN,NaN,NaN,9.62957000732422,1.7549546957016,1.59619748592377,0.715727627277374,-0.549571633338928,0.201206967234612,-0.866943359375,0.01123046875,0.2451171875,0,NaN
3261,295491004,NaN,NaN,NaN,NaN,9.63372707366943,1.78404819965363,1.62770712375641,0.496073126792908,-0.486180245876312,0.27436962723732,-0.86474609375,0.010009765625,0.246337890625,0,NaN
3262,295507671,NaN,NaN,NaN,NaN,9.63142013549805,1.80966818332672,1.62664151191711,-0.276745200157166,-0.621773838996887,0.414253383874893,-0.865966796875,0.0107421875,0.247314453125,0,NaN
3263,295524338,NaN,NaN,NaN,NaN,9.62774753570557,1.82464528083801,1.64183676242828,-0.170029908418655,-0.506299078464508,0.398821771144867,-0.865966796875,0.010009765625,0.24560546875,0,NaN
3264,295541005,NaN,NaN,NaN,NaN,9.62311935424805,1.80447900295258,1.59772443771362,0.293886512517929,-0.512727797031403,0.463698714971542,-0.86767578125,0.01123046875,0.247802734375,0,NaN
3265,295557672,NaN,NaN,NaN,NaN,9.61042499542236,1.83508598804474,1.60973501205444,1.26996088027954,-0.577220559120178,0.236488446593285,-0.86767578125,0.01123046875,0.24853515625,0,NaN
3266,295574339,NaN,NaN,NaN,NaN,9.6087760925293,1.85420143604279,1.61865448951721,1.1427298784256,-0.517799139022827,0.0730410143733025,-0.8671875,0.011962890625,0.2490234375,0,NaN
3267,295591006,NaN,NaN,NaN,NaN,9.63956260681152,1.82835054397583,1.59084355831146,0.446128368377686,-0.145889937877655,0.0922377333045006,-0.866943359375,0.010009765625,0.24462890625,0,NaN
3268,295607673,NaN,NaN,NaN,NaN,9.62428569793701,1.78977692127228,1.56341445446014,0.36466720700264,-0.198203876614571,0.292349755764008,-0.86767578125,0.01025390625,0.246826171875,0,NaN
3269,295624340,NaN,NaN,NaN,NaN,9.63540458679199,1.79614949226379,1.54905033111572,1.30904603004456,-0.0204133223742247,0.120040319859982,-0.86474609375,0.012939453125,0.2490234375,0,NaN
3270,295641007,NaN,NaN,NaN,NaN,9.62164783477783,1.77775096893311,1.5783394575119,2.03156709671021,-0.119957067072392,-0.0706013962626457,-0.865966796875,0.01123046875,0.243896484375,0,NaN
3271,295657674,NaN,NaN,NaN,NaN,9.64371871948242,1.79031133651733,1.54523265361786,2.35859036445618,-0.0693207681179047,-0.0869551226496696,-0.86767578125,0.01123046875,0.24560546875,0,NaN
3272,295674341,NaN,NaN,NaN,NaN,9.647629737854,1.77829599380493,1.5522848367691,2.38346672058105,-0.0289231427013874,-0.0573276244103909,-0.866943359375,0.01025390625,0.24560546875,0,NaN
3273,295691008,NaN,NaN,NaN,NaN,9.6563606262207,1.79748749732971,1.58568966388702,1.99973702430725,-0.115442834794521,0.105498701334,-0.86474609375,0.00830078125,0.2451171875,0,NaN
3274,295707675,NaN,NaN,NaN,NaN,9.64823150634766,1.79006600379944,1.58253502845764,1.50767230987549,-0.213200107216835,0.0839648246765137,-0.8642578125,0.009033203125,0.24560546875,0,NaN
3275,295724342,NaN,NaN,NaN,NaN,9.63848686218262,1.7796323299408,1.57660400867462,1.08770096302032,-0.274273574352264,0.205407440662384,-0.866943359375,0.010009765625,0.243408203125,0,NaN
3276,295741009,NaN,NaN,NaN,NaN,9.62259960174561,1.7870728969574,1.60459554195404,0.903686463832855,-0.395395994186401,0.407427579164505,-0.863037109375,0.009521484375,0.24462890625,0,NaN
3277,295757676,NaN,NaN,NaN,NaN,9.61858367919922,1.75047266483307,1.57268261909485,1.10940754413605,-0.364840090274811,0.5098015666008,-0.865234375,0.009033203125,0.24462890625,0,NaN
3278,295774343,NaN,NaN,NaN,NaN,9.65187931060791,1.77860450744629,1.58481073379517,1.64414966106415,-0.427066177129745,0.341206014156342,-0.865966796875,0.009033203125,0.243408203125,0,NaN
3279,295791010,NaN,NaN,NaN,NaN,9.65221881866455,1.79187488555908,1.62905359268188,1.37069571018219,-0.410430699586868,0.325684696435928,-0.86474609375,0.00830078125,0.242919921875,0,NaN
3280,295807677,NaN,NaN,NaN,NaN,9.6457347869873,1.81231927871704,1.60295116901398,1.23996841907501,-0.13170051574707,0.255006432533264,-0.865234375,0.009521484375,0.24462890625,0,NaN
3281,295824344,NaN,NaN,NaN,NaN,9.65245914459229,1.8264799118042,1.61409258842468,0.565573155879974,-0.321593016386032,0.278915852308273,-0.865234375,0.0078125,0.243408203125,0,NaN
3282,295841011,NaN,NaN,NaN,NaN,9.64940166473389,1.8271164894104,1.6246817111969,-0.521090388298035,-0.221626669168472,0.262357294559479,-0.866943359375,0.008544921875,0.243408203125,0,NaN
3283,295857678,NaN,NaN,NaN,NaN,9.64565277099609,1.8026647567749,1.56622171401978,-0.838662207126617,-0.174204766750336,0.112791918218136,-0.865966796875,0.0078125,0.24462890625,0,NaN
3284,295874345,NaN,NaN,NaN,NaN,9.62950706481934,1.78516757488251,1.57015526294708,-0.339124947786331,-0.248046189546585,0.185263082385063,-0.865966796875,0.009033203125,0.24560546875,0,NaN
3285,295891012,NaN,NaN,NaN,NaN,9.63834762573242,1.76635301113129,1.58529341220856,0.508725821971893,-0.416231960058212,0.130810454487801,-0.865966796875,0.0078125,0.24560546875,0,NaN
3286,295907679,NaN,NaN,NaN,NaN,9.6237850189209,1.80505442619324,1.60059571266174,1.04816770553589,-0.545588910579681,0.00506491074338555,-0.86474609375,0.009033203125,0.24462890625,0,NaN
3287,295924346,NaN,NaN,NaN,NaN,9.59302043914795,1.84222805500031,1.62124502658844,0.723744451999664,-0.702313005924225,0.061707392334938,-0.8681640625,0.009033203125,0.247802734375,0,NaN
3288,295941013,NaN,NaN,NaN,NaN,9.62021923065186,1.87403631210327,1.61180019378662,-0.0349101088941097,-0.710022449493408,-0.00211304798722267,-0.866455078125,0.009033203125,0.2451171875,0,NaN
3289,295957680,NaN,NaN,NaN,NaN,9.66762161254883,1.82323634624481,1.65869855880737,0.297843664884567,-0.638063549995422,0.289071321487427,-0.8681640625,0.009033203125,0.243408203125,0,NaN
3290,295974347,NaN,NaN,NaN,NaN,9.70878887176514,1.81799173355103,1.65996110439301,1.11705315113068,-1.19698393344879,0.175299733877182,-0.86474609375,0.00732421875,0.246826171875,0,NaN
3291,295991014,NaN,NaN,NaN,NaN,9.66647720336914,1.84402799606323,1.67816770076752,1.10361921787262,-1.37751507759094,0.377204686403275,-0.8642578125,0.0068359375,0.24560546875,0,NaN
3292,296007681,NaN,NaN,NaN,NaN,9.64106464385986,1.85910522937775,1.62779903411865,0.402970999479294,-1.21552753448486,0.356355905532837,-0.866455078125,0.0107421875,0.24462890625,0,NaN
3293,296024348,NaN,NaN,NaN,NaN,9.59396171569824,1.88617086410522,1.62164890766144,-0.0707294642925262,-0.87290632724762,0.121461816132069,-0.865234375,0.009033203125,0.243408203125,0,NaN
3294,296041015,NaN,NaN,NaN,NaN,9.55789375305176,1.8126962184906,1.59203362464905,-0.29659503698349,-0.924234211444855,-0.0213866028934717,-0.870361328125,0.008056640625,0.24560546875,0,NaN
3295,296057682,NaN,NaN,NaN,NaN,9.58486747741699,1.78981506824493,1.61874830722809,0.238870427012444,-0.981952428817749,-0.0728297084569931,-0.86865234375,0.0078125,0.24560546875,0,NaN
3296,296074349,NaN,NaN,NaN,NaN,9.60575580596924,1.83059680461884,1.63365960121155,1.27160012722015,-0.921596169471741,-0.152369946241379,-0.867431640625,0.008544921875,0.243408203125,0,NaN
3297,296091016,NaN,NaN,NaN,NaN,9.61997413635254,1.83832573890686,1.65006303787231,1.32350432872772,-1.03105223178864,-0.240477681159973,-0.865234375,0.00732421875,0.243896484375,0,NaN
3298,296107683,NaN,NaN,NaN,NaN,9.6439962387085,1.84969830513,1.67061758041382,0.599663734436035,-1.05243861675262,-0.0409675128757954,-0.866943359375,0.005126953125,0.243408203125,0,NaN
3299,296124350,NaN,NaN,NaN,NaN,9.65832710266113,1.84687232971191,1.66285562515259,0.597755551338196,-1.04105365276337,0.0138244554400444,-0.86767578125,0.005126953125,0.246826171875,0,NaN
3300,296141017,NaN,NaN,NaN,NaN,9.60496520996094,1.83895266056061,1.66783392429352,0.714805603027344,-0.920840561389923,0.0950423255562782,-0.866455078125,0.0078125,0.2451171875,0,NaN
3301,296157684,NaN,NaN,NaN,NaN,9.58782768249512,1.86323666572571,1.62790668010712,0.747570753097534,-0.929247915744781,0.0513150468468666,-0.86767578125,0.0068359375,0.24560546875,0,NaN
3302,296174351,NaN,NaN,NaN,NaN,9.59657573699951,1.8801406621933,1.62522196769714,1.27460968494415,-0.668606817722321,-0.0824985057115555,-0.865478515625,0.0078125,0.24560546875,0,NaN
3303,296191018,NaN,NaN,NaN,NaN,9.59587287902832,1.88887250423431,1.65398168563843,1.2554384469986,-0.712084233760834,-0.0398021340370178,-0.866943359375,0.00732421875,0.2451171875,0,NaN
3304,296207685,NaN,NaN,NaN,NaN,9.60674476623535,1.90329194068909,1.6447685956955,1.39521968364716,-0.487191945314407,-0.0991851761937141,-0.8681640625,0.00732421875,0.24462890625,0,NaN
3305,296224352,NaN,NaN,NaN,NaN,9.62524032592773,1.86644649505615,1.6378847360611,2.09265375137329,-0.499985545873642,-0.0911940187215805,-0.86376953125,0.005615234375,0.2451171875,0,NaN
3306,296241019,NaN,NaN,NaN,NaN,9.65334701538086,1.87876641750336,1.67863404750824,2.35609340667725,-0.856463074684143,-0.177124634385109,-0.865478515625,0.005615234375,0.2451171875,0,NaN
3307,296257686,NaN,NaN,NaN,NaN,9.61611175537109,1.89044189453125,1.6563446521759,1.83294081687927,-0.644159436225891,-0.0714082047343254,-0.866943359375,0.006103515625,0.243408203125,0,NaN
3308,296274353,NaN,NaN,NaN,NaN,9.59653759002686,1.8739207983017,1.61237275600433,1.135622382164,-0.514290273189545,-0.164971396327019,-0.86865234375,0.005615234375,0.246337890625,0,NaN
3309,296291020,NaN,NaN,NaN,NaN,9.60263729095459,1.84990668296814,1.61341786384583,1.50166618824005,-0.458275228738785,-0.0204517394304276,-0.86474609375,0.006103515625,0.24560546875,0,NaN
3310,296307687,NaN,NaN,NaN,NaN,9.60702228546143,1.82251870632172,1.63721597194672,1.89214444160461,-0.350061565637589,0.0237621814012527,-0.865966796875,0.00390625,0.243896484375,0,NaN
3311,296324354,NaN,NaN,NaN,NaN,9.61304569244385,1.80581319332123,1.62299466133118,2.20002198219299,-0.411813795566559,-0.0147913349792361,-0.866943359375,0.005615234375,0.2412109375,0,NaN
3312,296341021,NaN,NaN,NaN,NaN,9.62435531616211,1.85203087329865,1.62784516811371,2.10544729232788,-0.597044944763184,0.101957768201828,-0.867431640625,0.006103515625,0.243408203125,0,NaN
3313,296357688,NaN,NaN,NaN,NaN,9.6192626953125,1.85031056404114,1.62489867210388,0.909052431583405,-0.515340328216553,0.205753237009048,-0.866943359375,0.006103515625,0.24462890625,0,NaN
3314,296374355,NaN,NaN,NaN,NaN,9.6163330078125,1.8429342508316,1.62813985347748,0.287175983190536,-0.578181087970734,0.337107926607132,-0.865234375,0.00439453125,0.242919921875,0,NaN
3315,296391022,NaN,NaN,NaN,NaN,9.62438678741455,1.79251146316528,1.59222602844238,0.686554729938507,-0.608365595340729,0.290633678436279,-0.866455078125,0.006103515625,0.2412109375,0,NaN
3316,296407689,NaN,NaN,NaN,NaN,9.60222053527832,1.81691777706146,1.60559570789337,1.50475263595581,-0.605471432209015,0.336339563131332,-0.8681640625,0.00390625,0.246337890625,0,NaN
3317,296424356,NaN,NaN,NaN,NaN,9.59756565093994,1.87713003158569,1.62683403491974,1.99337875843048,-0.625526249408722,0.335225462913513,-0.86474609375,0.00341796875,0.246826171875,0,NaN
3318,296441023,NaN,NaN,NaN,NaN,9.60223388671875,1.89774513244629,1.61938500404358,1.3733081817627,-0.663855612277985,0.166565790772438,-0.866455078125,0.00439453125,0.239990234375,0,NaN
3319,296457690,NaN,NaN,NaN,NaN,9.61551380157471,1.90582203865051,1.64729189872742,0.730583012104034,-0.509974420070648,0.236040219664574,-0.869384765625,0.00341796875,0.246337890625,0,NaN
3320,296474357,NaN,NaN,NaN,NaN,9.61930847167969,1.87711179256439,1.60469055175781,0.336570054292679,-0.587555289268494,0.173647686839104,-0.865966796875,0.002197265625,0.2451171875,0,NaN
3321,296491024,NaN,NaN,NaN,NaN,9.62823390960693,1.87429738044739,1.61748993396759,0.622279703617096,-0.553144633769989,0.0854503661394119,-0.86474609375,0.0029296875,0.2451171875,0,NaN
3322,296507691,NaN,NaN,NaN,NaN,9.62463283538818,1.88189673423767,1.60442078113556,0.946664571762085,-0.437721014022827,-0.0296210870146751,-0.8681640625,0.002197265625,0.243408203125,0,NaN
3323,296524358,NaN,NaN,NaN,NaN,9.63483428955078,1.88419556617737,1.61708855628967,0.9575115442276,-0.275567024946213,0.0190110243856907,-0.8681640625,0.001708984375,0.242919921875,0,NaN
3324,296541025,NaN,NaN,NaN,NaN,9.64524555206299,1.8699015378952,1.60482287406921,0.542496144771576,-0.30144864320755,0.00470633339136839,-0.865234375,0.005126953125,0.243408203125,0,NaN
3325,296557692,NaN,NaN,NaN,NaN,9.61763000488281,1.87883198261261,1.62552571296692,-0.0325281247496605,-0.608301520347595,0.22402785718441,-0.8681640625,0.005615234375,0.242919921875,0,NaN
3326,296574359,NaN,NaN,NaN,NaN,9.60842895507812,1.868532538414,1.6206191778183,-0.225993677973747,-0.551082849502563,0.245785877108574,-0.869140625,0.00390625,0.243408203125,0,NaN
3327,296591026,NaN,NaN,NaN,NaN,9.5953254699707,1.83352613449097,1.58564114570618,0.26577016711235,-0.777633488178253,0.459517419338226,-0.867431640625,0.00439453125,0.2421875,0,NaN
3328,296607693,NaN,NaN,NaN,NaN,9.59617042541504,1.83435845375061,1.58115911483765,0.684685051441193,-1.03175628185272,0.541010677814484,-0.865478515625,0.00341796875,0.246826171875,0,NaN
3329,296624360,NaN,NaN,NaN,NaN,9.63982105255127,1.84262883663177,1.58591771125793,1.44758498668671,-1.20526957511902,0.629694640636444,-0.867431640625,0.00341796875,0.2421875,0,NaN
3330,296641027,NaN,NaN,NaN,NaN,9.64552211761475,1.86496269702911,1.63908457756042,2.03223347663879,-1.50260734558105,0.815911769866943,-0.866455078125,0.00439453125,0.2412109375,0,NaN
3331,296657694,NaN,NaN,NaN,NaN,9.64003276824951,1.91473913192749,1.62573397159576,1.6529221534729,-1.71331036090851,0.751508712768555,-0.8681640625,0.005615234375,0.242919921875,0,NaN
3332,296674361,NaN,NaN,NaN,NaN,9.61293792724609,1.94240546226501,1.63350141048431,0.341462075710297,-1.33004176616669,0.749305903911591,-0.869873046875,0.00341796875,0.242919921875,0,NaN
3333,296691028,NaN,NaN,NaN,NaN,9.59174537658691,1.86990022659302,1.62967371940613,-0.520590960979462,-1.15176463127136,0.745387196540833,-0.866455078125,0.005126953125,0.24462890625,0,NaN
3334,296707695,NaN,NaN,NaN,NaN,9.57822608947754,1.83782005310059,1.60311818122864,0.363783568143845,-0.951422095298767,0.536874175071716,-0.865966796875,0.0029296875,0.246337890625,0,NaN
3335,296724362,NaN,NaN,NaN,NaN,9.59359645843506,1.84111499786377,1.6420841217041,1.13021814823151,-0.947042465209961,0.280939310789108,-0.869140625,0.006103515625,0.239990234375,0,NaN
3336,296741029,NaN,NaN,NaN,NaN,9.61156558990479,1.89669811725616,1.66224145889282,1.31707549095154,-0.912401139736176,0.211554482579231,-0.866943359375,0.00732421875,0.2421875,0,NaN
3337,296757696,NaN,NaN,NaN,NaN,9.63430976867676,1.89348745346069,1.69448506832123,0.723757207393646,-0.896060228347778,0.23196779191494,-0.866943359375,0.006103515625,0.24560546875,0,NaN
3338,296774363,NaN,NaN,NaN,NaN,9.62656021118164,1.88518536090851,1.69542026519775,-0.0725095421075821,-0.822052359580994,0.322252571582794,-0.870361328125,0.00244140625,0.243896484375,0,NaN
3339,296791030,NaN,NaN,NaN,NaN,9.64087295532227,1.85826659202576,1.66563308238983,-0.514213383197784,-0.786540448665619,0.262062758207321,-0.86865234375,0.00390625,0.24169921875,0,NaN
3340,296807697,NaN,NaN,NaN,NaN,9.64137744903564,1.86098027229309,1.66160607337952,0.234452247619629,-0.818287372589111,0.400576204061508,-0.869873046875,0.00341796875,0.243896484375,0,NaN
3341,296824364,NaN,NaN,NaN,NaN,9.60191440582275,1.89549946784973,1.65945160388947,0.530663132667542,-1.01074135303497,0.364001303911209,-0.865234375,0.005615234375,0.24462890625,0,NaN
3342,296841031,NaN,NaN,NaN,NaN,9.58145523071289,1.90362572669983,1.65273559093475,0.84669828414917,-0.783595025539398,0.361901074647903,-0.86767578125,0.002197265625,0.246337890625,0,NaN
3343,296857698,NaN,NaN,NaN,NaN,9.58603477478027,1.90812337398529,1.6360274553299,1.29251289367676,-0.712711811065674,0.347199350595474,-0.86767578125,0.0029296875,0.2451171875,0,NaN
3344,296874365,NaN,NaN,NaN,NaN,9.59710502624512,1.90828621387482,1.61687004566193,1.80084812641144,-0.90868729352951,0.47745269536972,-0.866943359375,0.00390625,0.243896484375,0,NaN
3345,296891032,NaN,NaN,NaN,NaN,9.60505485534668,1.8957052230835,1.64311730861664,1.85865604877472,-1.0579582452774,0.535606443881989,-0.86865234375,0.00390625,0.24560546875,0,NaN
3346,296907699,NaN,NaN,NaN,NaN,9.62305641174316,1.89827144145966,1.64322733879089,2.02083563804626,-1.11725163459778,0.648737728595734,-0.866943359375,0.00390625,0.243896484375,0,NaN
3347,296924366,NaN,NaN,NaN,NaN,9.62447071075439,1.89160358905792,1.65037953853607,2.33405351638794,-1.17553317546844,0.736486792564392,-0.866943359375,0.00439453125,0.2412109375,0,NaN
3348,296941033,NaN,NaN,NaN,NaN,9.61924743652344,1.89018857479095,1.66713464260101,2.28200817108154,-1.01473665237427,0.694405078887939,-0.866943359375,0.005615234375,0.243896484375,0,NaN
3349,296957700,NaN,NaN,NaN,NaN,9.6118803024292,1.86884486675262,1.65641975402832,1.50730073451996,-0.799026548862457,0.751124382019043,-0.869140625,0.005126953125,0.2421875,0,NaN
3350,296974367,NaN,NaN,NaN,NaN,9.59711074829102,1.8519092798233,1.62270951271057,1.50797951221466,-0.5643630027771,0.803591966629028,-0.866943359375,0.006103515625,0.24169921875,0,NaN
3351,296991034,NaN,NaN,NaN,NaN,9.59673309326172,1.83382081985474,1.63275480270386,2.38070678710938,-0.824997842311859,0.80000627040863,-0.86767578125,0.005615234375,0.2451171875,0,NaN
3352,297007701,NaN,NaN,NaN,NaN,9.57627773284912,1.82888185977936,1.6491265296936,3.00406861305237,-0.848625540733337,0.716252684593201,-0.865966796875,0.004638671875,0.246337890625,0,NaN
3353,297024368,NaN,NaN,NaN,NaN,9.60768127441406,1.85924911499023,1.69526875019073,3.15015029907227,-0.589335381984711,0.709977567195892,-0.866455078125,0.002197265625,0.24169921875,0,NaN
3354,297041035,NaN,NaN,NaN,NaN,9.61154651641846,1.87326574325562,1.68320536613464,2.62067222595215,-0.370795071125031,0.585896968841553,-0.866455078125,0.00341796875,0.243896484375,0,NaN
3355,297057702,NaN,NaN,NaN,NaN,9.59379386901855,1.85943067073822,1.68742525577545,2.19066071510315,-0.118561200797558,0.512823879718781,-0.867431640625,0.00390625,0.2421875,0,NaN
3356,297074369,NaN,NaN,NaN,NaN,9.60551643371582,1.88296329975128,1.67485225200653,2.21504402160645,0.0751412585377693,0.596423804759979,-0.86865234375,0.005615234375,0.2421875,0,NaN
3357,297091036,NaN,NaN,NaN,NaN,9.61790943145752,1.88486874103546,1.68750190734863,2.35883355140686,0.333496570587158,0.366357654333115,-0.8681640625,0.00341796875,0.24072265625,0,NaN
3358,297107703,NaN,NaN,NaN,NaN,9.61352252960205,1.89608180522919,1.70277059078217,2.36058807373047,0.348057359457016,0.382391214370728,-0.866943359375,0.005615234375,0.239501953125,0,NaN
3359,297124370,NaN,NaN,NaN,NaN,9.60770320892334,1.88476014137268,1.6529940366745,2.41226148605347,0.309433430433273,0.427110999822617,-0.866455078125,0.00439453125,0.24169921875,0,NaN
3360,297141037,NaN,NaN,NaN,NaN,9.60333156585693,1.89965784549713,1.63256561756134,2.50847554206848,0.321228057146072,0.394582808017731,-0.86572265625,0.006103515625,0.23828125,0,NaN
3361,297157704,NaN,NaN,NaN,NaN,9.60244941711426,1.88815057277679,1.62191033363342,2.65339255332947,0.177464008331299,0.464979380369186,-0.866455078125,0.006103515625,0.239990234375,0,NaN
3362,297174371,NaN,NaN,NaN,NaN,9.59973239898682,1.87522161006927,1.60981547832489,2.48611569404602,0.0957722812891006,0.395159095525742,-0.867919921875,0.005126953125,0.23779296875,0,NaN
3363,297191038,NaN,NaN,NaN,NaN,9.60544872283936,1.85948550701141,1.60838711261749,2.20187902450562,-0.0224495325237513,0.481512397527695,-0.8681640625,0.00341796875,0.24072265625,0,NaN
3364,297207705,NaN,NaN,NaN,NaN,9.61576652526855,1.82651901245117,1.61006796360016,2.26573801040649,-0.0911491960287094,0.693515062332153,-0.86572265625,0.00439453125,0.23828125,0,NaN
3365,297224372,NaN,NaN,NaN,NaN,9.59086894989014,1.81535732746124,1.59630155563354,2.29340624809265,-0.133864790201187,0.784369766712189,-0.86865234375,0.00439453125,0.23828125,0,NaN
3366,297241039,NaN,NaN,NaN,NaN,9.6265869140625,1.82348132133484,1.60260415077209,2.81248569488525,-0.426246523857117,0.85970938205719,-0.867431640625,0.00390625,0.239013671875,0,NaN
3367,297257706,NaN,NaN,NaN,NaN,9.63146018981934,1.85619759559631,1.64415633678436,2.51458430290222,-0.669426262378693,1.00310206413269,-0.86572265625,0.006103515625,0.23779296875,0,NaN
3368,297274373,NaN,NaN,NaN,NaN,9.63022232055664,1.85759282112122,1.65798246860504,0.835992157459259,-0.632095813751221,1.033043384552,-0.865234375,0.00439453125,0.23681640625,0,NaN
3369,297291040,NaN,NaN,NaN,NaN,9.6403865814209,1.83587837219238,1.63474595546722,0.314325481653214,-0.59609717130661,1.03114807605743,-0.865234375,0.006103515625,0.2373046875,0,NaN
3370,297307707,NaN,NaN,NaN,NaN,9.65198612213135,1.79253935813904,1.65793311595917,1.79578328132629,-0.874065339565277,1.15884649753571,-0.86572265625,0.00439453125,0.23779296875,0,NaN
3371,297324374,NaN,NaN,NaN,NaN,9.65357875823975,1.84631216526031,1.63881504535675,2.79759812355042,-1.17287588119507,0.954149901866913,-0.86572265625,0.00390625,0.239990234375,0,NaN
3372,297341041,NaN,NaN,NaN,NaN,9.65893840789795,1.89478707313538,1.66202199459076,2.44993162155151,-1.20678722858429,0.858230292797089,-0.866943359375,0.00390625,0.23828125,0,NaN
3373,297357708,NaN,NaN,NaN,NaN,9.62925815582275,1.93078684806824,1.6214200258255,1.12787461280823,-0.96479195356369,0.850578606128693,-0.865234375,0.0078125,0.23779296875,0,NaN
3374,297374375,NaN,NaN,NaN,NaN,9.61220073699951,1.87859511375427,1.60757756233215,-0.240977078676224,-0.63506680727005,0.636379539966583,-0.86572265625,0.002197265625,0.236083984375,0,NaN
3375,297391042,NaN,NaN,NaN,NaN,9.61426162719727,1.82320415973663,1.59427678585052,-0.383153140544891,-0.538020372390747,0.473482698202133,-0.86572265625,0.00732421875,0.23828125,0,NaN
3376,297407709,NaN,NaN,NaN,NaN,9.63819026947021,1.81770420074463,1.59559297561646,0.206905782222748,-0.677468717098236,0.28150275349617,-0.8642578125,0.005126953125,0.24072265625,0,NaN
3377,297424376,NaN,NaN,NaN,NaN,9.63719654083252,1.86854612827301,1.61335968971252,-0.230117291212082,-0.817659854888916,0.224578574299812,-0.866943359375,0.0078125,0.235595703125,0,NaN
3378,297441043,NaN,NaN,NaN,NaN,9.61855125427246,1.86822116374969,1.6107360124588,-1.1620227098465,-0.866054952144623,0.328502088785172,-0.866943359375,0.002685546875,0.2373046875,0,NaN
3379,297457710,NaN,NaN,NaN,NaN,9.61433982849121,1.83561205863953,1.6349196434021,-1.45047295093536,-0.816174387931824,0.287829130887985,-0.866455078125,0.00732421875,0.239013671875,0,NaN
3380,297474377,NaN,NaN,NaN,NaN,9.64396286010742,1.7970495223999,1.61413955688477,-0.726805210113525,-1.22504913806915,0.453626543283463,-0.8662109375,0.006591796875,0.2373046875,0,NaN
3381,297491044,NaN,NaN,NaN,NaN,9.62480163574219,1.8452559709549,1.64865136146545,-0.228017032146454,-1.53183138370514,0.654948711395264,-0.865966796875,0.00390625,0.2412109375,0,NaN
3382,297507711,NaN,NaN,NaN,NaN,9.61837959289551,1.90437984466553,1.6679584980011,-0.622401416301727,-1.3117800951004,0.576304972171783,-0.86572265625,0.00390625,0.239501953125,0,NaN
3383,297524378,NaN,NaN,NaN,NaN,9.61096668243408,1.9093325138092,1.6566561460495,-1.06039142608643,-1.17885005474091,0.503872215747833,-0.8642578125,0.006103515625,0.24169921875,0,NaN
3384,297541045,NaN,NaN,NaN,NaN,9.59380531311035,1.8997665643692,1.66165518760681,-0.79416024684906,-1.17171692848206,0.699527680873871,-0.8681640625,0.00732421875,0.2412109375,0,NaN
3385,297557712,NaN,NaN,NaN,NaN,9.60752201080322,1.8686842918396,1.67847692966461,0.295154362916946,-1.15504312515259,0.507803797721863,-0.867431640625,0.00830078125,0.239501953125,0,NaN
3386,297574379,NaN,NaN,NaN,NaN,9.58755493164062,1.90326619148254,1.69795405864716,0.473610877990723,-1.18355011940002,0.271155267953873,-0.867431640625,0.00732421875,0.23828125,0,NaN
3387,297591046,NaN,NaN,NaN,NaN,9.59460353851318,1.89206659793854,1.68887376785278,0.371467381715775,-1.07661712169647,0.210222616791725,-0.869140625,0.00732421875,0.239990234375,0,NaN
3388,297607713,NaN,NaN,NaN,NaN,9.60072422027588,1.88619184494019,1.65026354789734,0.774758517742157,-0.969216525554657,0.377851337194443,-0.8642578125,0.005126953125,0.2412109375,0,NaN
3389,297624380,NaN,NaN,NaN,NaN,9.618332862854,1.86086428165436,1.69945156574249,1.90493834018707,-1.09813177585602,0.470486104488373,-0.864013671875,0.006103515625,0.239013671875,0,NaN
3390,297641047,NaN,NaN,NaN,NaN,9.62006759643555,1.88536989688873,1.73302125930786,2.45448398590088,-1.23974418640137,0.617618203163147,-0.86572265625,0.006591796875,0.239501953125,0,NaN
3391,297657714,NaN,NaN,NaN,NaN,9.62738418579102,1.91945719718933,1.70368349552155,1.31421303749084,-0.829627335071564,0.423941403627396,-0.866455078125,0.005615234375,0.23828125,0,NaN
3392,297674381,NaN,NaN,NaN,NaN,9.61558532714844,1.90623986721039,1.70515012741089,-0.243563964962959,-0.607699751853943,0.355523467063904,-0.86572265625,0.006103515625,0.239013671875,0,NaN
3393,297691048,NaN,NaN,NaN,NaN,9.59928798675537,1.80331301689148,1.63204550743103,-0.259648770093918,-0.388967275619507,0.0630776733160019,-0.866943359375,0.0078125,0.2412109375,0,NaN
3394,297707715,NaN,NaN,NaN,NaN,9.58085441589355,1.78126990795135,1.62981188297272,1.15994131565094,-0.7125324010849,0.19365119934082,-0.866943359375,0.00732421875,0.23779296875,0,NaN
3395,297724382,NaN,NaN,NaN,NaN,9.58473014831543,1.82224655151367,1.61787533760071,2.41885709762573,-1.07272398471832,0.301928907632828,-0.866455078125,0.006103515625,0.239990234375,0,NaN
3396,297741049,NaN,NaN,NaN,NaN,9.6117525100708,1.85505521297455,1.67656016349792,2.53928112983704,-1.14308834075928,0.673460304737091,-0.866943359375,0.0078125,0.23779296875,0,NaN
3397,297757716,NaN,NaN,NaN,NaN,9.61626815795898,1.84819006919861,1.67516708374023,1.9119176864624,-1.20981597900391,0.918605923652649,-0.86474609375,0.00830078125,0.239501953125,0,NaN
3398,297774383,NaN,NaN,NaN,NaN,9.60832214355469,1.83587646484375,1.66126751899719,1.7992091178894,-1.19553673267365,0.816321611404419,-0.863525390625,0.006103515625,0.23779296875,0,NaN
3399,297791050,NaN,NaN,NaN,NaN,9.62491893768311,1.84063923358917,1.63931238651276,1.80356955528259,-1.09825336933136,0.588374972343445,-0.86474609375,0.006103515625,0.23828125,0,NaN
3400,297807717,NaN,NaN,NaN,NaN,9.64056587219238,1.84693717956543,1.63747704029083,1.92861723899841,-0.889247357845306,0.321253716945648,-0.86474609375,0.006591796875,0.2412109375,0,NaN
3401,297824384,NaN,NaN,NaN,NaN,9.65634536743164,1.87686860561371,1.62656629085541,1.3989462852478,-0.597326576709747,0.178731814026833,-0.866943359375,0.00390625,0.239501953125,0,NaN
3402,297841051,NaN,NaN,NaN,NaN,9.63263130187988,1.83428311347961,1.59850168228149,1.38470566272736,-0.537482500076294,0.153093501925468,-0.866455078125,0.009521484375,0.239501953125,0,NaN
3403,297857718,NaN,NaN,NaN,NaN,9.61219692230225,1.8310112953186,1.58909273147583,1.85508286952972,-0.610926866531372,0.306513577699661,-0.86474609375,0.006591796875,0.24072265625,0,NaN
3404,297874385,NaN,NaN,NaN,NaN,9.61452484130859,1.83652353286743,1.5963306427002,2.0477032661438,-0.820541322231293,0.417186081409454,-0.866455078125,0.006103515625,0.23828125,0,NaN
3405,297891052,NaN,NaN,NaN,NaN,9.61364650726318,1.80913102626801,1.62182915210724,2.01252436637878,-1.07664275169373,0.608897149562836,-0.866943359375,0.006103515625,0.2412109375,0,NaN
3406,297907719,NaN,NaN,NaN,NaN,9.60945701599121,1.84606945514679,1.64617896080017,1.52909731864929,-1.23916792869568,0.701794385910034,-0.86572265625,0.006103515625,0.239501953125,0,NaN
3407,297924386,NaN,NaN,NaN,NaN,9.62236785888672,1.82967174053192,1.63389980792999,1.32269752025604,-1.03402316570282,0.677923321723938,-0.86572265625,0.00830078125,0.23828125,0,NaN
3408,297941053,NaN,NaN,NaN,NaN,9.59801197052002,1.83718359470367,1.61305844783783,1.31295168399811,-1.17318964004517,0.538065195083618,-0.86572265625,0.005615234375,0.239501953125,0,NaN
3409,297957720,NaN,NaN,NaN,NaN,9.59453678131104,1.83686327934265,1.64476346969604,0.972328543663025,-1.09741461277008,0.392047196626663,-0.866943359375,0.00830078125,0.2373046875,0,NaN
3410,297974387,NaN,NaN,NaN,NaN,9.63783645629883,1.81990718841553,1.63244211673737,1.12373781204224,-0.959093153476715,0.400409668684006,-0.867431640625,0.005126953125,0.24072265625,0,NaN
3411,297991054,NaN,NaN,NaN,NaN,9.64827442169189,1.83434581756592,1.67780780792236,1.7710348367691,-1.26401233673096,0.517587780952454,-0.86474609375,0.006591796875,0.239501953125,0,NaN
3412,298007721,NaN,NaN,NaN,NaN,9.63643169403076,1.87869369983673,1.66961455345154,1.26742517948151,-1.45202219486237,0.614339768886566,-0.86572265625,0.00732421875,0.2373046875,0,NaN
3413,298024388,NaN,NaN,NaN,NaN,9.64262676239014,1.88937056064606,1.65913486480713,0.445603370666504,-1.12620317935944,0.694597184658051,-0.867919921875,0.00732421875,0.239990234375,0,NaN
3414,298041055,NaN,NaN,NaN,NaN,9.60521221160889,1.87544786930084,1.62876844406128,-0.165855050086975,-0.787936270236969,0.704598963260651,-0.867919921875,0.0068359375,0.239990234375,0,NaN
3415,298057722,NaN,NaN,NaN,NaN,9.59596157073975,1.82234227657318,1.60759460926056,0.00986729189753532,-0.601334869861603,0.322508662939072,-0.865234375,0.00390625,0.24169921875,0,NaN
3416,298074389,NaN,NaN,NaN,NaN,9.60141849517822,1.85238897800446,1.60805940628052,0.511261522769928,-0.726145625114441,0.216536179184914,-0.867431640625,0.005615234375,0.24169921875,0,NaN
3417,298091056,NaN,NaN,NaN,NaN,9.61286354064941,1.88071227073669,1.62175095081329,0.704240381717682,-0.81514972448349,0.248026952147484,-0.866455078125,0.009033203125,0.239501953125,0,NaN
3418,298107723,NaN,NaN,NaN,NaN,9.60162353515625,1.90520668029785,1.64180827140808,0.121410585939884,-0.789588272571564,0.23071277141571,-0.86572265625,0.006103515625,0.24072265625,0,NaN
3419,298124390,NaN,NaN,NaN,NaN,9.63836574554443,1.86128687858582,1.64388000965118,-0.642699420452118,-0.63481068611145,0.317066013813019,-0.866943359375,0.006103515625,0.2412109375,0,NaN
3420,298141057,NaN,NaN,NaN,NaN,9.61590003967285,1.84354615211487,1.60611188411713,-0.843477368354797,-0.561763346195221,0.430991291999817,-0.866455078125,0.005615234375,0.239501953125,0,NaN
3421,298157724,NaN,NaN,NaN,NaN,9.63288974761963,1.8403377532959,1.63061821460724,-0.012409352697432,-0.701979994773865,0.364551931619644,-0.86572265625,0.00732421875,0.24169921875,0,NaN
3422,298174391,NaN,NaN,NaN,NaN,9.62315273284912,1.86012041568756,1.65186643600464,0.676412165164948,-0.867489278316498,0.175402164459229,-0.866943359375,0.00732421875,0.2373046875,0,NaN
3423,298191058,NaN,NaN,NaN,NaN,9.59786510467529,1.85821902751923,1.63540327548981,0.247886091470718,-0.73033332824707,0.0795722529292107,-0.865966796875,0.0068359375,0.24169921875,0,NaN
3424,298207725,NaN,NaN,NaN,NaN,9.62080860137939,1.87258780002594,1.59052157402039,0.104928836226463,-0.729014337062836,0.17742557823658,-0.867431640625,0.00439453125,0.2421875,0,NaN
3425,298224392,NaN,NaN,NaN,NaN,9.6313648223877,1.8628466129303,1.63145613670349,0.662517309188843,-0.917011380195618,0.243416681885719,-0.866943359375,0.005126953125,0.239990234375,0,NaN
3426,298241059,NaN,NaN,NaN,NaN,9.6439790725708,1.87139308452606,1.63984310626984,0.820419609546661,-0.941497325897217,0.370161145925522,-0.865966796875,0.005615234375,0.247314453125,0,NaN
3427,298257726,NaN,NaN,NaN,NaN,9.63602542877197,1.87447881698608,1.65653884410858,0.55922132730484,-1.02854192256927,0.446691870689392,-0.8681640625,0.00732421875,0.2412109375,0,NaN
3428,298274393,NaN,NaN,NaN,NaN,9.64057922363281,1.86689019203186,1.62268924713135,0.258169591426849,-0.996602952480316,0.342230439186096,-0.86865234375,0.005615234375,0.2412109375,0,NaN
3429,298291060,NaN,NaN,NaN,NaN,9.63011169433594,1.86731100082397,1.60734534263611,0.196660727262497,-0.925988793373108,0.30231311917305,-0.866943359375,0.00732421875,0.243408203125,0,NaN
3430,298307727,NaN,NaN,NaN,NaN,9.59198760986328,1.83454120159149,1.61012589931488,0.818050444126129,-0.871497809886932,0.08989417552948,-0.865966796875,0.00341796875,0.2412109375,0,NaN
3431,298324394,NaN,NaN,NaN,NaN,9.58896255493164,1.87545919418335,1.62920677661896,1.49221527576447,-0.813305735588074,0.0722470358014107,-0.867431640625,0.00439453125,0.239990234375,0,NaN
3432,298341061,NaN,NaN,NaN,NaN,9.60800361633301,1.88256859779358,1.63087272644043,1.44848155975342,-0.85735958814621,0.207174748182297,-0.86474609375,0.006591796875,0.2412109375,0,NaN
3433,298357728,NaN,NaN,NaN,NaN,9.62235355377197,1.85037744045258,1.64333486557007,0.907566845417023,-0.808554470539093,0.190193504095078,-0.866455078125,0.004638671875,0.247802734375,0,NaN
3434,298374395,NaN,NaN,NaN,NaN,9.6063346862793,1.85014367103577,1.65435242652893,0.66643613576889,-1.07670676708221,0.295487314462662,-0.869140625,0.004638671875,0.24169921875,0,NaN
3435,298391062,NaN,NaN,NaN,NaN,9.61777400970459,1.84905636310577,1.61805701255798,1.05578744411469,-1.19808518886566,0.357918262481689,-0.866455078125,0.005615234375,0.2412109375,0,NaN
3436,298407729,NaN,NaN,NaN,NaN,9.618896484375,1.83269655704498,1.62776744365692,1.15811038017273,-1.21372187137604,0.374374479055405,-0.867431640625,0.00732421875,0.242919921875,0,NaN
3437,298424396,NaN,NaN,NaN,NaN,9.61641883850098,1.86000227928162,1.64489221572876,1.00243628025055,-1.1494083404541,0.299521327018738,-0.866943359375,0.00390625,0.239990234375,0,NaN
3438,298441063,NaN,NaN,NaN,NaN,9.60063076019287,1.84751641750336,1.64673221111298,1.08960914611816,-0.972206890583038,0.405353039503098,-0.865234375,0.006103515625,0.239013671875,0,NaN
3439,298457730,NaN,NaN,NaN,NaN,9.6198263168335,1.8474189043045,1.6386479139328,1.21754443645477,-0.892589747905731,0.43123459815979,-0.8681640625,0.005615234375,0.242919921875,0,NaN
3440,298474397,NaN,NaN,NaN,NaN,9.61804103851318,1.8564864397049,1.64210915565491,1.43821728229523,-0.994099378585815,0.476242572069168,-0.866943359375,0.006103515625,0.24169921875,0,NaN
3441,298491064,NaN,NaN,NaN,NaN,9.62224006652832,1.84891223907471,1.63275766372681,1.72219169139862,-1.07652747631073,0.510928571224213,-0.866455078125,0.00390625,0.243896484375,0,NaN
3442,298507731,NaN,NaN,NaN,NaN,9.61806964874268,1.86513042449951,1.65200471878052,1.54208302497864,-1.0862729549408,0.558427274227142,-0.86474609375,0.0048828125,0.2373046875,0,NaN
3443,298524398,NaN,NaN,NaN,NaN,9.60904502868652,1.86141335964203,1.62566518783569,1.2916933298111,-0.967033267021179,0.639056086540222,-0.866943359375,0.005615234375,0.24169921875,0,NaN
3444,298541065,NaN,NaN,NaN,NaN,9.60504722595215,1.8625066280365,1.60608065128326,1.27382850646973,-0.982170224189758,0.660967826843262,-0.86962890625,0.00390625,0.24072265625,0,NaN
3445,298557732,NaN,NaN,NaN,NaN,9.61026191711426,1.86484169960022,1.61943066120148,1.13251030445099,-0.883548438549042,0.766761004924774,-0.866455078125,0.0068359375,0.250732421875,0,NaN
3446,298574399,NaN,NaN,NaN,NaN,9.61628913879395,1.84133422374725,1.60683763027191,1.30803418159485,-0.824959516525269,0.815489232540131,-0.865966796875,0.00732421875,0.243408203125,0,NaN
3447,298591066,NaN,NaN,NaN,NaN,9.59466361999512,1.85834085941315,1.60943698883057,1.63084363937378,-0.78919130563736,0.861668825149536,-0.866943359375,0.006103515625,0.24169921875,0,NaN
3448,298607733,NaN,NaN,NaN,NaN,9.61975383758545,1.85817718505859,1.64065110683441,2.17097735404968,-0.77621853351593,0.857916533946991,-0.865966796875,0.005615234375,0.243408203125,0,NaN
3449,298624400,NaN,NaN,NaN,NaN,9.62444019317627,1.85410749912262,1.63478994369507,2.3293023109436,-1.14643728733063,0.936022460460663,-0.865966796875,0.006103515625,0.24560546875,0,NaN
3450,298641067,NaN,NaN,NaN,NaN,9.6004524230957,1.85056817531586,1.61636769771576,1.77637529373169,-0.954290747642517,0.881595551967621,-0.86865234375,0.006103515625,0.24169921875,0,NaN
3451,298657734,NaN,NaN,NaN,NaN,9.62643909454346,1.86580550670624,1.61554217338562,1.62282693386078,-0.754178762435913,0.798290133476257,-0.866455078125,0.00732421875,0.24169921875,0,NaN
3452,298674401,NaN,NaN,NaN,NaN,9.62297821044922,1.84920454025269,1.63803112506866,2.23643064498901,-0.811615228652954,0.850207149982452,-0.866943359375,0.009033203125,0.239990234375,0,NaN
3453,298691068,NaN,NaN,NaN,NaN,9.6372184753418,1.83275723457336,1.65590679645538,2.6015522480011,-0.944340169429779,0.816206276416779,-0.863525390625,0.006591796875,0.2412109375,0,NaN
3454,298707735,NaN,NaN,NaN,NaN,9.62959861755371,1.86008191108704,1.61875104904175,2.32279634475708,-0.791445195674896,0.809290826320648,-0.8642578125,0.006591796875,0.24169921875,0,NaN
3455,298724402,NaN,NaN,NaN,NaN,9.61907482147217,1.88417828083038,1.61908507347107,1.88763678073883,-0.662677407264709,0.758257567882538,-0.86474609375,0.00830078125,0.2421875,0,NaN
3456,298741069,NaN,NaN,NaN,NaN,9.59213638305664,1.85174202919006,1.60361742973328,1.2407945394516,-0.436856627464294,0.547573924064636,-0.865234375,0.006591796875,0.23828125,0,NaN
3457,298757736,NaN,NaN,NaN,NaN,9.59782600402832,1.82110190391541,1.58050847053528,1.15939736366272,-0.385451942682266,0.424658596515656,-0.865234375,0.0078125,0.2412109375,0,NaN
3458,298774403,NaN,NaN,NaN,NaN,9.6088342666626,1.80435836315155,1.58121883869171,1.37346172332764,-0.338574290275574,0.293745636940002,-0.865966796875,0.006103515625,0.2421875,0,NaN
3459,298791070,NaN,NaN,NaN,NaN,9.62993144989014,1.84217834472656,1.58786940574646,1.16937971115112,-0.355965256690979,0.302902162075043,-0.866455078125,0.010009765625,0.239990234375,0,NaN
3460,298807737,NaN,NaN,NaN,NaN,9.63401985168457,1.84443247318268,1.60529863834381,0.557101845741272,-0.206560015678406,0.412658989429474,-0.866455078125,0.00439453125,0.24072265625,0,NaN
3461,298824404,NaN,NaN,NaN,NaN,9.63175964355469,1.82925868034363,1.57625985145569,0.476703554391861,-0.151787251234055,0.342390537261963,-0.866943359375,0.006591796875,0.239013671875,0,NaN
3462,298841071,NaN,NaN,NaN,NaN,9.62400913238525,1.80916774272919,1.60960304737091,1.24770355224609,-0.232127904891968,0.317168474197388,-0.86572265625,0.006591796875,0.23828125,0,NaN
3463,298857738,NaN,NaN,NaN,NaN,9.62322902679443,1.84018063545227,1.62895214557648,1.4752721786499,-0.377326309680939,0.313275337219238,-0.865234375,0.0078125,0.239013671875,0,NaN
3464,298874405,NaN,NaN,NaN,NaN,9.58630084991455,1.86920809745789,1.60771346092224,1.02310562133789,-0.308632999658585,0.178488478064537,-0.865234375,0.00732421875,0.2412109375,0,NaN
3465,298891072,NaN,NaN,NaN,NaN,9.60748481750488,1.87431526184082,1.64445102214813,0.494741350412369,-0.360447525978088,0.160790130496025,-0.863525390625,0.0087890625,0.239990234375,0,NaN
3466,298907739,NaN,NaN,NaN,NaN,9.62181758880615,1.84437167644501,1.67428731918335,0.644844591617584,-0.442728310823441,0.227511197328568,-0.86474609375,0.005615234375,0.24169921875,0,NaN
3467,298924406,NaN,NaN,NaN,NaN,9.62766933441162,1.84747922420502,1.64317309856415,0.94485878944397,-0.404334843158722,0.151607975363731,-0.86962890625,0.005615234375,0.23828125,0,NaN
3468,298941073,NaN,NaN,NaN,NaN,9.63653564453125,1.87442779541016,1.67255830764771,1.41330230236053,-0.481698036193848,-0.0405577085912228,-0.8662109375,0.006591796875,0.23779296875,0,NaN
3469,298957740,NaN,NaN,NaN,NaN,9.63797569274902,1.89443230628967,1.67862117290497,1.34815657138824,-0.171541050076485,-0.0782980248332024,-0.867431640625,0.009033203125,0.23828125,0,NaN
3470,298974407,NaN,NaN,NaN,NaN,9.61143589019775,1.8546530008316,1.66708850860596,0.541907072067261,0.254199624061584,-0.0235636830329895,-0.8662109375,0.005615234375,0.236083984375,0,NaN
3471,298991074,NaN,NaN,NaN,NaN,9.58358478546143,1.82403743267059,1.62029016017914,0.17344918847084,0.544321060180664,-0.161212727427483,-0.865234375,0.006591796875,0.239013671875,0,NaN
3472,299007741,NaN,NaN,NaN,NaN,9.57451629638672,1.80478966236115,1.60493779182434,0.825241148471832,0.656402230262756,-0.238383799791336,-0.865234375,0.006103515625,0.239013671875,0,NaN
3473,299024408,NaN,NaN,NaN,NaN,9.60027503967285,1.8204653263092,1.62072598934174,1.54228162765503,0.715234637260437,-0.30700021982193,-0.86572265625,0.006591796875,0.235595703125,0,NaN
3474,299041075,NaN,NaN,NaN,NaN,9.61273002624512,1.84174859523773,1.63841652870178,1.51661109924316,0.603044629096985,-0.317546218633652,-0.866455078125,0.00439453125,0.23779296875,0,NaN
3475,299057742,NaN,NaN,NaN,NaN,9.63034248352051,1.8267205953598,1.65136420726776,1.57407319545746,0.596718311309814,-0.16114230453968,-0.8662109375,0.0078125,0.236572265625,0,NaN
3476,299074409,NaN,NaN,NaN,NaN,9.66711711883545,1.82637357711792,1.62876284122467,1.77399337291718,0.350452214479446,-0.0503929890692234,-0.86474609375,0.006591796875,0.236083984375,0,NaN
3477,299091076,NaN,NaN,NaN,NaN,9.63429164886475,1.83364260196686,1.6619371175766,2.15220332145691,0.419926643371582,0.0722982436418533,-0.86572265625,0.006591796875,0.235595703125,0,NaN
3478,299107743,NaN,NaN,NaN,NaN,9.62643051147461,1.83646893501282,1.67512369155884,2.44737648963928,0.609908819198608,0.13868635892868,-0.8662109375,0.006591796875,0.232666015625,0,NaN
3479,299124410,NaN,NaN,NaN,NaN,9.60686683654785,1.86003923416138,1.68269181251526,2.89198756217957,0.517843961715698,0.378741413354874,-0.8681640625,0.00390625,0.242919921875,0,NaN
3480,299141077,NaN,NaN,NaN,NaN,9.59875679016113,1.8535258769989,1.68683421611786,3.48164296150208,0.592325627803802,0.235246211290359,-0.86572265625,0.00439453125,0.234375,0,NaN
3481,299157744,NaN,NaN,NaN,NaN,9.60592842102051,1.88503062725067,1.71994543075562,4.06162929534912,0.673556268215179,0.308357656002045,-0.867919921875,0.00390625,0.235595703125,0,NaN
3482,299174411,NaN,NaN,NaN,NaN,9.59286975860596,1.90971267223358,1.73047757148743,4.86342239379883,0.541266798973083,0.329027146100998,-0.867919921875,0.00341796875,0.232666015625,0,NaN
3483,299191078,NaN,NaN,NaN,NaN,9.56569194793701,1.93227255344391,1.77013123035431,5.24989318847656,0.408042371273041,0.158062383532524,-0.8662109375,0.003173828125,0.232666015625,0,NaN
3484,299207745,NaN,NaN,NaN,NaN,9.5143404006958,1.97183763980865,1.78489422798157,4.83504343032837,0.548233389854431,-0.0401094853878021,-0.867919921875,0.002685546875,0.23046875,0,NaN
3485,299224412,NaN,NaN,NaN,NaN,9.52272987365723,1.99704456329346,1.75356566905975,4.50152826309204,0.957358062267303,-0.477100551128387,-0.867431640625,0.00390625,0.23046875,0,NaN
3486,299241079,NaN,NaN,NaN,NaN,9.51944351196289,1.97683334350586,1.76750206947327,4.32802820205688,1.2767995595932,-0.990724921226501,-0.868408203125,0.00732421875,0.23046875,0,NaN
3487,299257746,NaN,NaN,NaN,NaN,9.53101825714111,2.040940284729,1.74000823497772,4.85054063796997,1.24282443523407,-1.33420419692993,-0.86669921875,0.003662109375,0.2265625,0,NaN
3488,299274413,NaN,NaN,NaN,NaN,9.51400661468506,2.09139204025269,1.7781001329422,4.7009425163269,1.34334790706635,-1.86737716197968,-0.86767578125,0.002197265625,0.224853515625,0,NaN
3489,299291080,NaN,NaN,NaN,NaN,9.54270935058594,2.12095999717712,1.77095079421997,4.32065773010254,1.58290350437164,-2.67690515518188,-0.8671875,0.002197265625,0.2255859375,0,NaN
3490,299307747,NaN,NaN,NaN,NaN,9.60605621337891,2.1733705997467,1.77353930473328,3.28453421592712,1.74605619907379,-3.27640867233276,-0.86767578125,0.0009765625,0.22314453125,0,NaN
3491,299324414,NaN,NaN,NaN,NaN,9.66347217559814,2.23147678375244,1.72008013725281,0.29481503367424,2.9279932975769,-4.27310228347778,-0.865966796875,-0.000244140625,0.22216796875,0,NaN
3492,299341081,NaN,NaN,NaN,NaN,9.66233158111572,2.31451773643494,1.68720138072968,-2.5306499004364,4.25378942489624,-5.45950126647949,-0.868896484375,-0.000732421875,0.223876953125,0,NaN
3493,299357748,NaN,NaN,NaN,NaN,9.68727970123291,2.25937461853027,1.64447438716888,-3.05163860321045,5.61792325973511,-6.61490440368652,-0.869384765625,-0.0029296875,0.2216796875,0,NaN
3494,299374415,NaN,NaN,NaN,NaN,9.71819305419922,2.16115570068359,1.6391224861145,0.193254292011261,7.3691029548645,-8.24573040008545,-0.872314453125,-0.0068359375,0.220458984375,0,NaN
3495,299391082,NaN,NaN,NaN,NaN,9.70366191864014,2.17332720756531,1.6736649274826,5.01051378250122,9.0601282119751,-9.93471908569336,-0.87109375,-0.005859375,0.21533203125,0,NaN
3496,299407749,NaN,NaN,NaN,NaN,9.63005352020264,2.30011940002441,1.69543123245239,9.50903797149658,9.66689014434814,-11.0987501144409,-0.87255859375,-0.0107421875,0.212646484375,0,NaN
3497,299424416,NaN,NaN,NaN,NaN,9.61305713653564,2.39656949043274,1.79479503631592,13.3494033813477,10.4451608657837,-11.9033012390137,-0.870849609375,-0.01416015625,0.209716796875,0,NaN
3498,299441083,NaN,NaN,NaN,NaN,9.57421398162842,2.40524816513062,1.91985297203064,15.4522790908813,11.8736524581909,-12.4932174682617,-0.874755859375,-0.01708984375,0.203125,0,NaN
3499,299457750,NaN,NaN,NaN,NaN,9.55125331878662,2.37370085716248,1.97183477878571,16.6159343719482,12.8417282104492,-12.7834005355835,-0.87451171875,-0.023193359375,0.194580078125,0,NaN
3500,299474417,NaN,NaN,NaN,NaN,9.57206439971924,2.28162479400635,1.97153472900391,19.9224452972412,13.3150701522827,-12.455153465271,-0.876708984375,-0.025634765625,0.190185546875,0,NaN
3501,299491084,NaN,NaN,NaN,NaN,9.59340572357178,2.26557207107544,1.97183787822723,25.8087844848633,13.135947227478,-11.4954795837402,-0.8779296875,-0.0283203125,0.187255859375,0,NaN
3502,299507751,NaN,NaN,NaN,NaN,9.56808471679688,2.40414595603943,2.04071187973022,30.8708972930908,13.4030494689941,-10.8941659927368,-0.877685546875,-0.033935546875,0.1806640625,0,NaN
3503,299524418,NaN,NaN,NaN,NaN,9.53183269500732,2.47738814353943,2.14251708984375,34.2946662902832,13.9718179702759,-9.99963283538818,-0.87744140625,-0.0380859375,0.169921875,0,NaN
3504,299541085,NaN,NaN,NaN,NaN,9.51976490020752,2.50244164466858,2.22898459434509,37.8211059570312,13.5462455749512,-8.64823055267334,-0.875732421875,-0.04150390625,0.16162109375,0,NaN
3505,299557752,NaN,NaN,NaN,NaN,9.55500888824463,2.577143907547,2.29613971710205,41.1063079833984,13.2417078018188,-7.60371828079224,-0.8779296875,-0.047119140625,0.15478515625,0,NaN
3506,299574419,NaN,NaN,NaN,NaN,9.54851627349854,2.66173100471497,2.38210368156433,42.407886505127,13.9001703262329,-7.20496845245361,-0.87841796875,-0.0478515625,0.149169921875,0,NaN
3507,299591086,NaN,NaN,NaN,NaN,9.53458690643311,2.64642739295959,2.51501178741455,43.5422439575195,14.3685321807861,-6.92023181915283,-0.876953125,-0.053955078125,0.13916015625,0,NaN
3508,299607753,NaN,NaN,NaN,NaN,9.4456090927124,2.70040488243103,2.62155652046204,45.3956832885742,13.0710334777832,-6.73990154266357,-0.879638671875,-0.0556640625,0.130859375,0,NaN
3509,299624420,NaN,NaN,NaN,NaN,9.32716941833496,2.79245519638062,2.74824857711792,45.5392036437988,11.8898162841797,-7.15716028213501,-0.8779296875,-0.060791015625,0.12451171875,0,NaN
3510,299641087,NaN,NaN,NaN,NaN,9.22715663909912,2.88706088066101,2.8392014503479,43.0716400146484,11.8308525085449,-7.78422927856445,-0.87548828125,-0.064453125,0.114501953125,0,NaN
3511,299657754,NaN,NaN,NaN,NaN,9.14542198181152,2.88690567016602,2.89320182800293,39.1128883361816,11.6904954910278,-8.33967399597168,-0.877685546875,-0.068359375,0.109375,0,NaN
3512,299674421,NaN,NaN,NaN,NaN,9.13469505310059,2.85271286964417,2.91309189796448,34.0623970031738,12.4210414886475,-9.5768985748291,-0.878662109375,-0.07275390625,0.102294921875,0,NaN
3513,299691088,NaN,NaN,NaN,NaN,9.16878795623779,2.86857199668884,2.9583683013916,30.45285987854,14.662278175354,-11.3351163864136,-0.87744140625,-0.080810546875,0.095458984375,0,NaN
3514,299707755,NaN,NaN,NaN,NaN,9.17471790313721,2.88192343711853,3.00989651679993,28.5148830413818,17.6704540252686,-12.7661323547363,-0.879638671875,-0.084716796875,0.087158203125,0,NaN
3515,299724422,NaN,NaN,NaN,NaN,9.31305694580078,2.86060881614685,3.09146499633789,26.9652500152588,21.3212356567383,-13.9985609054565,-0.877197265625,-0.09033203125,0.079833984375,0,NaN
3516,299741089,NaN,NaN,NaN,NaN,9.48467540740967,2.82689070701599,3.22678709030151,25.5080432891846,27.0141925811768,-15.5273132324219,-0.877197265625,-0.093994140625,0.0703125,0,NaN
3517,299757756,NaN,NaN,NaN,NaN,9.58864974975586,2.78025960922241,3.34203052520752,25.711612701416,33.855396270752,-16.8384170532227,-0.876953125,-0.101806640625,0.060791015625,0,NaN
3518,299774423,NaN,NaN,NaN,NaN,9.65763759613037,2.82979702949524,3.45545649528503,27.4782619476318,41.9260597229004,-17.8481578826904,-0.876220703125,-0.108642578125,0.0478515625,0,NaN
3519,299791090,NaN,NaN,NaN,NaN,9.58059120178223,2.85688257217407,3.62098097801208,30.8723258972168,49.5784149169922,-18.4180088043213,-0.874267578125,-0.1171875,0.031005859375,0,NaN
3520,299807757,NaN,NaN,NaN,NaN,9.39390754699707,2.9599814414978,3.76640582084656,34.5998115539551,55.8160705566406,-18.6478290557861,-0.872314453125,-0.125244140625,0.0107421875,0,NaN
3521,299824424,NaN,NaN,NaN,NaN,9.22689437866211,3.01383399963379,3.86143374443054,37.712215423584,61.2641220092773,-18.8761920928955,-0.867431640625,-0.134033203125,-0.007080078125,0,NaN
3522,299841091,NaN,NaN,NaN,NaN,9.04120063781738,3.05026340484619,3.97537732124329,40.7670021057129,66.1526336669922,-18.6293754577637,-0.8662109375,-0.144287109375,-0.026611328125,0,NaN
3523,299857758,NaN,NaN,NaN,NaN,8.86410617828369,3.13458323478699,4.08446502685547,42.7088928222656,70.6260528564453,-18.0010662078857,-0.860107421875,-0.153076171875,-0.05029296875,0,NaN
3524,299874425,NaN,NaN,NaN,NaN,8.68427467346191,3.18455219268799,4.17424345016479,43.7465705871582,73.9209823608398,-17.3103904724121,-0.8525390625,-0.1640625,-0.075439453125,0,NaN
3525,299891092,NaN,NaN,NaN,NaN,8.54728984832764,3.2419638633728,4.21923303604126,44.2153015136719,76.4159851074219,-16.91259765625,-0.84326171875,-0.1728515625,-0.094970703125,0,NaN
3526,299907759,NaN,NaN,NaN,NaN,8.49141693115234,3.25679278373718,4.23163890838623,43.9151229858398,78.0837097167969,-16.5152320861816,-0.83740234375,-0.1826171875,-0.121337890625,0,NaN
3527,299924426,NaN,NaN,NaN,NaN,8.46169185638428,3.37228584289551,4.28638219833374,43.4394607543945,79.255615234375,-16.6382865905762,-0.830810546875,-0.194580078125,-0.1416015625,0,NaN
3528,299941093,NaN,NaN,NaN,NaN,8.36963939666748,3.50116300582886,4.34304094314575,42.4688415527344,80.4586944580078,-16.4437198638916,-0.81982421875,-0.206787109375,-0.167236328125,0,NaN
3529,299957760,NaN,NaN,NaN,NaN,8.27089309692383,3.59661912918091,4.38489055633545,39.8737258911133,81.4809951782227,-15.9452390670776,-0.810791015625,-0.21728515625,-0.1884765625,0,NaN
3530,299974427,NaN,NaN,NaN,NaN,8.24852085113525,3.69900226593018,4.39731979370117,37.7786254882812,82.3348693847656,-14.8795948028564,-0.798095703125,-0.227783203125,-0.2109375,0,NaN
3531,299991094,NaN,NaN,NaN,NaN,8.23646831512451,3.78596425056458,4.4881763458252,36.5216102600098,83.6266937255859,-13.9428005218506,-0.788818359375,-0.236083984375,-0.234375,0,NaN
3532,300007761,NaN,NaN,NaN,NaN,8.16125106811523,3.83756899833679,4.6045994758606,36.282299041748,84.3679504394531,-13.2929906845093,-0.77392578125,-0.244873046875,-0.258056640625,0,NaN
3533,300024428,NaN,NaN,NaN,NaN,8.00519180297852,3.80753374099731,4.7411003112793,33.351634979248,86.2446594238281,-15.5529928207397,-0.76171875,-0.25830078125,-0.28662109375,0,NaN
3534,300041095,NaN,NaN,NaN,NaN,7.8466477394104,4.072340965271,4.86199283599854,34.9954452514648,84.6762847900391,-13.9218893051147,-0.748779296875,-0.265869140625,-0.304443359375,0,NaN
3535,300057762,NaN,NaN,NaN,NaN,7.70961952209473,4.19608449935913,4.94008636474609,34.7554626464844,82.7671737670898,-11.324878692627,-0.734130859375,-0.27978515625,-0.322998046875,0,NaN
3536,300074429,NaN,NaN,NaN,NaN,7.68879556655884,4.15109300613403,4.9260048866272,32.9493064880371,83.7546539306641,-10.428825378418,-0.718505859375,-0.287353515625,-0.34765625,0,NaN
3537,300091096,NaN,NaN,NaN,NaN,7.61715745925903,4.07383155822754,4.97466564178467,33.3805351257324,84.9903259277344,-9.50928497314453,-0.703857421875,-0.298583984375,-0.364990234375,0,NaN
3538,300107763,NaN,NaN,NaN,NaN,7.47038221359253,4.11576271057129,4.96428060531616,35.594554901123,84.8955001831055,-9.46203231811523,-0.685791015625,-0.308349609375,-0.385009765625,0,NaN
3539,300124430,NaN,NaN,NaN,NaN,7.34630107879639,4.21290349960327,5.08897161483765,38.0162544250488,84.459098815918,-9.72324180603027,-0.67041015625,-0.3173828125,-0.404052734375,0,NaN
3540,300141097,NaN,NaN,NaN,NaN,7.29060935974121,4.34096765518188,5.22367763519287,40.1416206359863,83.6233215332031,-9.98731994628906,-0.65283203125,-0.328857421875,-0.424072265625,0,NaN
3541,300157764,NaN,NaN,NaN,NaN,7.37246990203857,4.39598798751831,5.38378477096558,41.3354911804199,83.6035690307617,-9.18631076812744,-0.636962890625,-0.341796875,-0.4443359375,0,NaN
3542,300174431,NaN,NaN,NaN,NaN,7.28927278518677,4.43079662322998,5.47100734710693,37.761058807373,84.0471267700195,-8.90175151824951,-0.62060546875,-0.352783203125,-0.4638671875,0,NaN
3543,300191098,NaN,NaN,NaN,NaN,7.06484794616699,4.5778112411499,5.49933290481567,33.2863006591797,84.7601470947266,-9.38425064086914,-0.599853515625,-0.3662109375,-0.478515625,0,NaN
3544,300207765,NaN,NaN,NaN,NaN,6.95715618133545,4.65569972991943,5.60404348373413,32.8879547119141,82.5164337158203,-6.27887916564941,-0.57958984375,-0.37060546875,-0.495849609375,0,NaN
3545,300224432,NaN,NaN,NaN,NaN,6.8535852432251,4.49259471893311,5.64735460281372,32.3274078369141,80.7457733154297,-4.84114122390747,-0.563232421875,-0.381103515625,-0.51318359375,0,NaN
3546,300241099,NaN,NaN,NaN,NaN,6.45837688446045,4.61933183670044,5.67634773254395,36.2450294494629,79.3160400390625,-4.51953983306885,-0.54638671875,-0.391357421875,-0.527099609375,0,NaN
3547,300257766,NaN,NaN,NaN,NaN,6.27356958389282,4.87212562561035,5.61373853683472,36.776741027832,77.7645950317383,-8.50623321533203,-0.5244140625,-0.403076171875,-0.542236328125,0,NaN
3548,300274433,NaN,NaN,NaN,NaN,5.97489929199219,5.06212997436523,5.70958566665649,38.666748046875,76.3982696533203,-10.2812776565552,-0.508056640625,-0.415283203125,-0.554443359375,0,NaN
3549,300291100,NaN,NaN,NaN,NaN,5.64628553390503,5.22461414337158,5.78265476226807,38.1557769775391,72.2182693481445,-10.3107471466064,-0.488525390625,-0.42626953125,-0.566650390625,0,NaN
3550,300307767,NaN,NaN,NaN,NaN,5.4049220085144,5.29362201690674,5.74261045455933,34.6658515930176,68.0706405639648,-10.0891494750977,-0.472412109375,-0.437255859375,-0.574462890625,0,NaN
3551,300324434,NaN,NaN,NaN,NaN,5.22160053253174,5.26570415496826,5.70643186569214,31.1329784393311,64.4683837890625,-10.4259510040283,-0.454833984375,-0.449951171875,-0.589111328125,0,NaN
3552,300341101,NaN,NaN,NaN,NaN,5.03285026550293,5.37406444549561,5.60360717773438,32.4697952270508,57.9833145141602,-7.62039184570312,-0.43994140625,-0.459228515625,-0.594482421875,0,NaN
3553,300357768,NaN,NaN,NaN,NaN,4.90603685379028,5.36843585968018,5.56412172317505,33.0396499633789,52.7348175048828,-5.87307977676392,-0.423583984375,-0.468017578125,-0.605224609375,0,NaN
3554,300374435,NaN,NaN,NaN,NaN,4.8216381072998,5.48351144790649,5.51582956314087,34.373779296875,46.0867691040039,-3.78158593177795,-0.411865234375,-0.478271484375,-0.608642578125,0,NaN
3555,300391102,NaN,NaN,NaN,NaN,4.8743257522583,5.68677139282227,5.50944900512695,34.4058074951172,40.8930282592773,-2.01260828971863,-0.4013671875,-0.488525390625,-0.61474609375,0,NaN
3556,300407769,NaN,NaN,NaN,NaN,4.83157682418823,5.79524183273315,5.54114580154419,33.3144226074219,35.8771324157715,-0.354412287473679,-0.391357421875,-0.498779296875,-0.617919921875,0,NaN
3557,300424436,NaN,NaN,NaN,NaN,4.82625865936279,5.90066957473755,5.61277103424072,32.2688446044922,30.5983085632324,0.597894251346588,-0.38232421875,-0.50732421875,-0.625732421875,0,NaN
3558,300441103,NaN,NaN,NaN,NaN,4.82404708862305,6.01739692687988,5.7041711807251,31.2965888977051,24.9082584381104,1.57042586803436,-0.3740234375,-0.51708984375,-0.624755859375,0,NaN
3559,300457770,NaN,NaN,NaN,NaN,4.86340999603271,6.08618068695068,5.78955936431885,28.1587963104248,19.3915462493896,2.90830874443054,-0.36962890625,-0.526611328125,-0.62744140625,0,NaN
3560,300474437,NaN,NaN,NaN,NaN,4.83997058868408,6.26350021362305,5.82847690582275,22.143669128418,14.2484197616577,4.76616430282593,-0.367919921875,-0.530029296875,-0.62744140625,0,NaN
3561,300491104,NaN,NaN,NaN,NaN,4.7531852722168,6.31493234634399,5.78719043731689,15.4347553253174,9.43010807037354,6.76982831954956,-0.363037109375,-0.53515625,-0.62744140625,0,NaN
3562,300507771,NaN,NaN,NaN,NaN,4.73762559890747,6.25069379806519,5.71867084503174,10.7136211395264,4.99179029464722,8.4384298324585,-0.359375,-0.53515625,-0.634765625,0,NaN
3563,300524438,NaN,NaN,NaN,NaN,4.69299459457397,6.14917755126953,5.71143102645874,9.12770557403564,0.669413864612579,9.69327354431152,-0.36083984375,-0.537841796875,-0.626220703125,0,NaN
3564,300541105,NaN,NaN,NaN,NaN,4.73466300964355,6.06051778793335,5.72812414169312,9.04922866821289,-3.32497239112854,10.1850118637085,-0.36181640625,-0.53564453125,-0.625732421875,0,NaN
3565,300557772,NaN,NaN,NaN,NaN,4.74172019958496,6.05607938766479,5.75133037567139,8.38694763183594,-6.64773559570312,9.99432563781738,-0.3642578125,-0.538330078125,-0.622314453125,0,NaN
3566,300574439,NaN,NaN,NaN,NaN,4.78793907165527,6.16657066345215,5.74991416931152,7.206458568573,-8.25234603881836,9.93706798553467,-0.367919921875,-0.5390625,-0.625732421875,0,NaN
3567,300591106,NaN,NaN,NaN,NaN,4.7689995765686,6.26082563400269,5.75464534759521,5.58207416534424,-9.2206859588623,9.81371784210205,-0.369873046875,-0.541748046875,-0.6201171875,0,NaN
3568,300607773,NaN,NaN,NaN,NaN,4.77237319946289,6.31657123565674,5.8372745513916,4.04410696029663,-10.0003633499146,9.08276844024658,-0.371337890625,-0.538818359375,-0.622314453125,0,NaN
3569,300624440,NaN,NaN,NaN,NaN,4.90036630630493,6.37215948104858,5.90988874435425,2.2735767364502,-9.93182373046875,7.62975931167603,-0.373046875,-0.5400390625,-0.61962890625,0,NaN
3570,300641107,NaN,NaN,NaN,NaN,4.97466135025024,6.43235492706299,6.05379772186279,-1.17571949958801,-9.34210205078125,6.87446403503418,-0.376953125,-0.53662109375,-0.621826171875,0,NaN
3571,300657774,NaN,NaN,NaN,NaN,4.94009065628052,6.52581357955933,6.08238935470581,-6.51987600326538,-8.181321144104,6.54897832870483,-0.379150390625,-0.534912109375,-0.617919921875,0,NaN
3572,300674441,NaN,NaN,NaN,NaN,4.90531349182129,6.5372109413147,6.08027315139771,-11.2414274215698,-7.25446271896362,6.01750326156616,-0.380859375,-0.532470703125,-0.61962890625,0,NaN
3573,300691108,NaN,NaN,NaN,NaN,4.84438848495483,6.41209697723389,6.02201271057129,-13.0831880569458,-6.35307502746582,4.98638677597046,-0.384765625,-0.52734375,-0.617919921875,0,NaN
3574,300707775,NaN,NaN,NaN,NaN,4.83168697357178,6.34866523742676,6.00326299667358,-12.1382436752319,-5.94055604934692,3.40271329879761,-0.38525390625,-0.5224609375,-0.6162109375,0,NaN
3575,300724442,NaN,NaN,NaN,NaN,4.85565710067749,6.31569147109985,6.02636432647705,-10.1455459594727,-5.62806606292725,2.21788144111633,-0.387451171875,-0.51904296875,-0.6162109375,0,NaN
3576,300741109,NaN,NaN,NaN,NaN,4.98225736618042,6.33735084533691,6.15859127044678,-8.61318969726562,-5.98791265487671,1.67605721950531,-0.387451171875,-0.51513671875,-0.625244140625,0,NaN
3577,300757776,NaN,NaN,NaN,NaN,5.06320714950562,6.40342950820923,6.20754051208496,-9.87736797332764,-6.57947587966919,1.56790745258331,-0.390869140625,-0.513916015625,-0.617919921875,0,NaN
3578,300774443,NaN,NaN,NaN,NaN,5.05284261703491,6.42960929870605,6.07360935211182,-14.100923538208,-6.6138129234314,1.71685922145844,-0.392578125,-0.510986328125,-0.617431640625,0,NaN
3579,300791110,NaN,NaN,NaN,NaN,4.94482564926147,6.35951948165894,5.82706499099731,-17.0565738677979,-6.42383289337158,1.73692762851715,-0.3935546875,-0.506591796875,-0.617431640625,0,NaN
3580,300807777,NaN,NaN,NaN,NaN,4.82604360580444,6.21229076385498,5.6148362159729,-16.1101150512695,-6.36727809906006,1.59562146663666,-0.396728515625,-0.502197265625,-0.617919921875,0,NaN
3581,300824444,NaN,NaN,NaN,NaN,4.73614025115967,6.04976892471313,5.51134490966797,-12.0453977584839,-7.05105876922607,1.2686105966568,-0.396728515625,-0.495361328125,-0.6162109375,0,NaN
3582,300841111,NaN,NaN,NaN,NaN,4.72055292129517,6.00476884841919,5.48882675170898,-7.93514394760132,-8.40956878662109,1.2160017490387,-0.3984375,-0.4931640625,-0.61572265625,0,NaN
3583,300857778,NaN,NaN,NaN,NaN,4.73648071289062,6.07365369796753,5.48078966140747,-5.75250625610352,-9.92573928833008,1.90203869342804,-0.399658203125,-0.49072265625,-0.616943359375,0,NaN
3584,300874445,NaN,NaN,NaN,NaN,4.71954727172852,6.12824726104736,5.46226024627686,-5.61573648452759,-11.7839317321777,3.40563368797302,-0.4052734375,-0.490234375,-0.61083984375,0,NaN
3585,300891112,NaN,NaN,NaN,NaN,4.77450466156006,6.17140054702759,5.47530221939087,-6.81648731231689,-14.3125782012939,5.2423996925354,-0.408447265625,-0.486083984375,-0.613525390625,0,NaN
3586,300907779,NaN,NaN,NaN,NaN,4.97771739959717,6.17445945739746,5.50500726699829,-8.10162258148193,-16.8148441314697,6.93820858001709,-0.412353515625,-0.48388671875,-0.611328125,0,NaN
3587,300924446,NaN,NaN,NaN,NaN,5.35418701171875,6.16933822631836,5.56734895706177,-10.3111324310303,-17.351203918457,7.52184677124023,-0.4169921875,-0.479736328125,-0.607421875,0,NaN
3588,300941113,NaN,NaN,NaN,NaN,5.62502670288086,6.17817449569702,5.68897247314453,-13.8697671890259,-15.6286201477051,7.94900417327881,-0.419677734375,-0.474365234375,-0.612548828125,0,NaN
3589,300957780,NaN,NaN,NaN,NaN,5.7074146270752,6.17463731765747,5.70543956756592,-18.6170959472656,-13.2969036102295,7.54713010787964,-0.421875,-0.466796875,-0.605712890625,0,NaN
3590,300974447,NaN,NaN,NaN,NaN,5.65747404098511,6.11589193344116,5.64580631256104,-22.7943267822266,-12.0270805358887,6.73746252059937,-0.42724609375,-0.45849609375,-0.607421875,0,NaN
3591,300991114,NaN,NaN,NaN,NaN,5.54719018936157,6.06847190856934,5.5821385383606,-23.760160446167,-12.2356338500977,4.95416164398193,-0.4267578125,-0.45556640625,-0.608154296875,0,NaN
3592,301007781,NaN,NaN,NaN,NaN,5.49964761734009,6.03329944610596,5.59045362472534,-22.0611343383789,-12.5920219421387,2.82301306724548,-0.435791015625,-0.447021484375,-0.601318359375,0,NaN
3593,301024448,NaN,NaN,NaN,NaN,5.42233371734619,6.02898693084717,5.7026891708374,-20.9237022399902,-12.4930353164673,0.806929707527161,-0.435546875,-0.44140625,-0.60302734375,0,NaN
3594,301041115,NaN,NaN,NaN,NaN,5.25363111495972,6.05067825317383,5.82585334777832,-22.9380798339844,-13.0478267669678,-0.3342145383358,-0.437255859375,-0.43408203125,-0.5986328125,0,NaN
3595,301057782,NaN,NaN,NaN,NaN,5.13941144943237,6.03064298629761,5.88292407989502,-27.0077896118164,-14.4439001083374,-0.653465330600739,-0.443359375,-0.42724609375,-0.600341796875,0,NaN
3596,301074449,NaN,NaN,NaN,NaN,5.02050924301147,5.95116758346558,5.88373041152954,-32.1932258605957,-15.8470392227173,-0.451291412115097,-0.44677734375,-0.4189453125,-0.59521484375,0,NaN
3597,301091116,NaN,NaN,NaN,NaN,4.97841644287109,5.84240531921387,5.91007852554321,-36.6683540344238,-16.6580104827881,-0.622987568378448,-0.45166015625,-0.409912109375,-0.5986328125,0,NaN
3598,301107783,NaN,NaN,NaN,NaN,4.93909978866577,5.68384552001953,5.90117835998535,-39.3849792480469,-17.9821739196777,-1.20811426639557,-0.453857421875,-0.39697265625,-0.592529296875,0,NaN
3599,301124450,NaN,NaN,NaN,NaN,4.93752431869507,5.5514988899231,5.94737672805786,-40.4712982177734,-19.0182495117188,-2.21955442428589,-0.46044921875,-0.387939453125,-0.592529296875,0,NaN
3600,301141117,NaN,NaN,NaN,NaN,5.09212875366211,5.48499727249146,6.06055450439453,-40.0373916625977,-19.4783840179443,-3.37198066711426,-0.465576171875,-0.374267578125,-0.58740234375,0,NaN
3601,301157784,NaN,NaN,NaN,NaN,5.2724814414978,5.44379568099976,6.22266960144043,-39.8616828918457,-18.0510749816895,-4.78431129455566,-0.46728515625,-0.366943359375,-0.58349609375,0,NaN
3602,301174451,NaN,NaN,NaN,NaN,5.65885066986084,5.30487394332886,6.45641851425171,-39.7440147399902,-14.451192855835,-7.13800430297852,-0.4755859375,-0.355712890625,-0.58251953125,0,NaN
3603,301191118,NaN,NaN,NaN,NaN,5.9169020652771,5.34228181838989,6.7290472984314,-39.7027168273926,-9.84791946411133,-10.1207494735718,-0.47607421875,-0.3466796875,-0.58251953125,0,NaN
3604,301207785,NaN,NaN,NaN,NaN,5.93373680114746,5.36220741271973,6.89313459396362,-40.9914054870605,-4.72056007385254,-13.2584819793701,-0.47705078125,-0.33935546875,-0.580322265625,0,NaN
3605,301224452,NaN,NaN,NaN,NaN,5.85282278060913,5.36100149154663,7.02235174179077,-39.4427909851074,0.360424131155014,-14.2903661727905,-0.479736328125,-0.33154296875,-0.583251953125,0,NaN
3606,301241119,NaN,NaN,NaN,NaN,5.68573904037476,5.3777904510498,7.17084217071533,-35.3601188659668,4.1278920173645,-14.6051473617554,-0.479736328125,-0.3203125,-0.58203125,0,NaN
3607,301257786,NaN,NaN,NaN,NaN,5.71517753601074,5.40657806396484,7.58319044113159,-28.1176071166992,9.48882389068604,-14.3026161193848,-0.47314453125,-0.318115234375,-0.583740234375,0,NaN
3608,301274453,NaN,NaN,NaN,NaN,5.65979242324829,5.47733354568481,8.35214233398438,-16.3936576843262,14.2502727508545,-12.5770988464355,-0.471923828125,-0.314208984375,-0.584228515625,0,NaN
3609,301291120,NaN,NaN,NaN,NaN,5.84250354766846,5.65221691131592,9.07967948913574,-6.40086936950684,14.7481269836426,-7.58579111099243,-0.4697265625,-0.3115234375,-0.587158203125,0,NaN
3610,301307787,NaN,NaN,NaN,NaN,5.82508993148804,5.9133129119873,9.10785675048828,-11.0219612121582,15.9544038772583,-4.55315685272217,-0.46240234375,-0.31005859375,-0.591064453125,0,NaN
3611,301324454,NaN,NaN,NaN,NaN,5.7194504737854,5.73053216934204,8.50398063659668,-18.7901496887207,24.7817935943604,-5.18468761444092,-0.458251953125,-0.307373046875,-0.5966796875,0,NaN
3612,301341121,NaN,NaN,NaN,NaN,5.26395559310913,5.17866325378418,7.74532032012939,-16.8346328735352,37.5719985961914,-5.9324951171875,-0.44921875,-0.3037109375,-0.602294921875,0,NaN
3613,301357788,NaN,NaN,NaN,NaN,4.59243774414062,4.82231950759888,7.41882514953613,-3.10431694984436,48.0422172546387,-6.42708015441895,-0.439208984375,-0.301513671875,-0.610595703125,0,NaN
3614,301374455,NaN,NaN,NaN,NaN,3.9634120464325,4.50623464584351,7.43352460861206,15.7964553833008,54.4089775085449,-7.55635213851929,-0.425048828125,-0.302490234375,-0.6171875,0,NaN
3615,301391122,NaN,NaN,NaN,NaN,3.77187752723694,4.71889638900757,7.80640745162964,35.7658042907715,57.7108840942383,-9.61791324615479,-0.409423828125,-0.314453125,-0.62744140625,0,NaN
3616,301407789,NaN,NaN,NaN,NaN,3.74267625808716,5.14425134658813,8.2960033416748,47.3406066894531,60.8181228637695,-10.3144607543945,-0.39306640625,-0.32958984375,-0.63916015625,0,NaN
3617,301424456,NaN,NaN,NaN,NaN,3.67865586280823,5.52117872238159,8.70199203491211,44.7549705505371,61.5426216125488,-8.0446720123291,-0.37744140625,-0.3466796875,-0.6484375,0,NaN
3618,301441123,NaN,NaN,NaN,NaN,3.54772925376892,5.57721519470215,8.7608699798584,33.7520751953125,58.9621086120605,-4.49734926223755,-0.36083984375,-0.358154296875,-0.657958984375,0,NaN
3619,301457790,NaN,NaN,NaN,NaN,3.53232002258301,5.25492906570435,8.58296203613281,23.893253326416,55.6014938354492,-0.900457978248596,-0.343994140625,-0.364013671875,-0.665771484375,0,NaN
3620,301474457,NaN,NaN,NaN,NaN,3.37332272529602,4.80532789230347,8.15932464599609,16.1666507720947,52.4337425231934,0.752483427524567,-0.33056640625,-0.36767578125,-0.673095703125,0,NaN
3621,301491124,NaN,NaN,NaN,NaN,3.20086050033569,4.50640678405762,7.67437553405762,13.0024604797363,47.3384017944336,-0.897482931613922,-0.318115234375,-0.376953125,-0.680419921875,0,NaN
3622,301507791,NaN,NaN,NaN,NaN,3.07533240318298,4.25395917892456,7.07696294784546,8.19956398010254,47.7705879211426,1.79300618171692,-0.3037109375,-0.3759765625,-0.68310546875,0,NaN
3623,301524458,NaN,NaN,NaN,NaN,2.7275185585022,4.1921558380127,6.72902536392212,6.01750564575195,45.630241394043,2.93171572685242,-0.290283203125,-0.380126953125,-0.688720703125,0,NaN
3624,301541125,NaN,NaN,NaN,NaN,2.59410953521729,4.08812808990479,6.57453775405884,5.15044069290161,42.5305633544922,4.35639047622681,-0.277099609375,-0.381103515625,-0.704345703125,0,NaN
3625,301557792,NaN,NaN,NaN,NaN,2.48239254951477,4.03938055038452,6.54115104675293,5.65390586853027,38.5145645141602,6.34323740005493,-0.264892578125,-0.38525390625,-0.703125,0,NaN
3626,301574459,NaN,NaN,NaN,NaN,2.40946292877197,4.01704359054565,6.69434833526611,7.79791021347046,33.5040969848633,8.7066535949707,-0.25390625,-0.384765625,-0.7060546875,0,NaN
3627,301591126,NaN,NaN,NaN,NaN,2.30899214744568,4.00832462310791,6.8147144317627,10.6152696609497,26.0403652191162,11.8185720443726,-0.24658203125,-0.38720703125,-0.7099609375,0,NaN
3628,301607793,NaN,NaN,NaN,NaN,2.15070176124573,4.15559911727905,6.8783073425293,12.256814956665,15.4187984466553,14.1915893554688,-0.24267578125,-0.388916015625,-0.712158203125,0,NaN
3629,301624460,NaN,NaN,NaN,NaN,2.12354516983032,4.48317861557007,6.84511232376099,12.7752752304077,4.09370946884155,16.6085414886475,-0.240966796875,-0.391845703125,-0.7138671875,0,NaN
3630,301641127,NaN,NaN,NaN,NaN,2.5461094379425,4.60991954803467,7.09737920761108,15.7806673049927,-6.391770362854,17.4977970123291,-0.245849609375,-0.392822265625,-0.716552734375,0,NaN
3631,301657794,0.8786783,0.19281122,-0.2767935,-0.3378369,3.21157193183899,4.548095703125,7.50675249099731,18.6840057373047,-12.5686807632446,17.2800540924072,-0.24755859375,-0.396240234375,-0.712646484375,0,NaN
3632,301674461,0.8783664,0.19383778,-0.27995935,-0.33544362,3.92555904388428,4.84069108963013,8.04818344116211,19.4158039093018,-15.0958824157715,16.3992214202881,-0.2509765625,-0.40234375,-0.712646484375,0,NaN
3633,301691128,0.8781905,0.19408773,-0.28296116,-0.33323354,4.3216438293457,5.22106599807739,8.52959156036377,13.8153581619263,-15.8770895004272,16.8820133209229,-0.256591796875,-0.40380859375,-0.712158203125,0,NaN
3634,301707795,0.8783575,0.19254635,-0.2853776,-0.33162305,4.54865837097168,5.55994987487793,8.72424411773682,0.0365237779915333,-16.5772304534912,16.7494678497314,-0.26220703125,-0.405029296875,-0.71484375,0,NaN
3635,301724462,0.8789666,0.1888933,-0.28695646,-0.3307461,4.52752923965454,5.64624357223511,8.65383052825928,-16.648998260498,-16.4357471466064,16.3616809844971,-0.26953125,-0.399169921875,-0.708740234375,0,NaN
