[2023-06-22 14:13:32.629] [info] Loaded model Rajagopal_2015 from file Rajagopal_2015.osim
[2023-06-22 14:13:32.862] [info] Heading correction computed to be 113.307 degs about ground Y.
[2023-06-22 14:13:32.865] [info] Processing torso_imu
[2023-06-22 14:13:32.865] [info] Computed offset for torso_imu
[2023-06-22 14:13:32.866] [info] Offset is 
[0.315294,-0.0237375,0.948697]
[0.94644,0.0811645,-0.312513]
[-0.0695822,0.996418,0.0480568]

[2023-06-22 14:13:32.866] [info] Creating offset frame for torso_imu
[2023-06-22 14:13:32.867] [info] Added offset frame for torso_imu.
[2023-06-22 14:13:32.867] [info] torso_imu offset computed from torso_imu data from file.
[2023-06-22 14:13:32.867] [info] Processing pelvis_imu
[2023-06-22 14:13:32.867] [info] Computed offset for pelvis_imu
[2023-06-22 14:13:32.868] [info] Offset is 
[0.280953,0.00157552,0.95972]
[0.957527,0.0671338,-0.280421]
[-0.0648715,0.997743,0.0173528]

[2023-06-22 14:13:32.868] [info] Creating offset frame for pelvis_imu
[2023-06-22 14:13:32.869] [info] Added offset frame for pelvis_imu.
[2023-06-22 14:13:32.869] [info] pelvis_imu offset computed from pelvis_imu data from file.
[2023-06-22 14:13:32.869] [info] Processing tibia_r_imu
[2023-06-22 14:13:32.869] [info] Computed offset for tibia_r_imu
[2023-06-22 14:13:32.869] [info] Offset is 
[0.0965278,0.977377,-0.188191]
[0.989909,-0.113978,-0.0842017]
[-0.103746,-0.178164,-0.978516]

[2023-06-22 14:13:32.869] [info] Creating offset frame for tibia_r_imu
[2023-06-22 14:13:32.870] [info] Added offset frame for tibia_r_imu.
[2023-06-22 14:13:32.870] [info] tibia_r_imu offset computed from tibia_r_imu data from file.
[2023-06-22 14:13:32.870] [info] Processing femur_r_imu
[2023-06-22 14:13:32.870] [info] Computed offset for femur_r_imu
[2023-06-22 14:13:32.870] [info] Offset is 
[-0.0408079,0.969041,-0.243505]
[0.996553,0.0570898,0.0601841]
[0.0722225,-0.24021,-0.968031]

[2023-06-22 14:13:32.870] [info] Creating offset frame for femur_r_imu
[2023-06-22 14:13:32.872] [info] Added offset frame for femur_r_imu.
[2023-06-22 14:13:32.872] [info] femur_r_imu offset computed from femur_r_imu data from file.
[2023-06-22 14:13:32.872] [info] Processing tibia_l_imu
[2023-06-22 14:13:32.872] [info] Computed offset for tibia_l_imu
[2023-06-22 14:13:32.872] [info] Offset is 
[0.0950796,-0.941402,0.323607]
[0.992984,0.0667322,-0.0976203]
[0.070305,0.330618,0.941142]

[2023-06-22 14:13:32.873] [info] Creating offset frame for tibia_l_imu
[2023-06-22 14:13:32.874] [info] Added offset frame for tibia_l_imu.
[2023-06-22 14:13:32.874] [info] tibia_l_imu offset computed from tibia_l_imu data from file.
[2023-06-22 14:13:32.874] [info] Processing femur_l_imu
[2023-06-22 14:13:32.874] [info] Computed offset for femur_l_imu
[2023-06-22 14:13:32.874] [info] Offset is 
[0.15939,-0.980766,0.112659]
[0.985443,0.164899,0.0413474]
[-0.0591295,0.104428,0.992773]

[2023-06-22 14:13:32.875] [info] Creating offset frame for femur_l_imu
[2023-06-22 14:13:32.876] [info] Added offset frame for femur_l_imu.
[2023-06-22 14:13:32.876] [info] femur_l_imu offset computed from femur_l_imu data from file.
[2023-06-22 14:13:32.876] [info] Processing calcn_r_imu
[2023-06-22 14:13:32.876] [info] Computed offset for calcn_r_imu
[2023-06-22 14:13:32.876] [info] Offset is 
[0.132853,0.838951,-0.527742]
[0.052645,-0.537683,-0.841502]
[-0.989737,0.0840129,-0.115599]

[2023-06-22 14:13:32.877] [info] Creating offset frame for calcn_r_imu
[2023-06-22 14:13:32.878] [info] Added offset frame for calcn_r_imu.
[2023-06-22 14:13:32.878] [info] calcn_r_imu offset computed from calcn_r_imu data from file.
[2023-06-22 14:13:32.878] [info] Processing calcn_l_imu
[2023-06-22 14:13:32.878] [info] Computed offset for calcn_l_imu
[2023-06-22 14:13:32.878] [info] Offset is 
[0.055168,-0.866604,-0.495938]
[0.00919381,0.497114,-0.867636]
[0.998435,0.0433062,0.0353922]

[2023-06-22 14:13:32.879] [info] Creating offset frame for calcn_l_imu
[2023-06-22 14:13:32.880] [info] Added offset frame for calcn_l_imu.
[2023-06-22 14:13:32.880] [info] calcn_l_imu offset computed from calcn_l_imu data from file.
[2023-06-22 14:13:33.819] [info] InverseKinematicsSolver found 8 model frames to track.
[2023-06-22 14:17:39.260] [info] Loaded model Rajagopal_2015 from file Rajagopal_2015_calibrated.osim
[2023-06-22 14:17:39.400] [info] Loading orientations as quaternions from 'MT_012005D6_009-001_orientations.sto'...
[2023-06-22 14:17:40.101] [info] InverseKinematicsSolver found 8 model frames to track.
[2023-06-22 14:18:06.236] [info] Wrote IK with IMU tracking results to: 'ik_MT_012005D6_009-001_orientations.mot'.
[2023-06-22 14:18:30.428] [info] Loaded model Rajagopal_2015 from file Rajagopal_2015.osim
[2023-06-22 14:18:30.522] [info] Heading correction computed to be 113.307 degs about ground Y.
[2023-06-22 14:18:30.526] [info] Processing torso_imu
[2023-06-22 14:18:30.526] [info] Computed offset for torso_imu
[2023-06-22 14:18:30.526] [info] Offset is 
[0.315294,-0.0237375,0.948697]
[0.94644,0.0811645,-0.312513]
[-0.0695822,0.996418,0.0480568]

[2023-06-22 14:18:30.526] [info] Creating offset frame for torso_imu
[2023-06-22 14:18:30.528] [info] Added offset frame for torso_imu.
[2023-06-22 14:18:30.528] [info] torso_imu offset computed from torso_imu data from file.
[2023-06-22 14:18:30.528] [info] Processing pelvis_imu
[2023-06-22 14:18:30.528] [info] Computed offset for pelvis_imu
[2023-06-22 14:18:30.528] [info] Offset is 
[0.280953,0.00157552,0.95972]
[0.957527,0.0671338,-0.280421]
[-0.0648715,0.997743,0.0173528]

[2023-06-22 14:18:30.528] [info] Creating offset frame for pelvis_imu
[2023-06-22 14:18:30.529] [info] Added offset frame for pelvis_imu.
[2023-06-22 14:18:30.529] [info] pelvis_imu offset computed from pelvis_imu data from file.
[2023-06-22 14:18:30.529] [info] Processing tibia_r_imu
[2023-06-22 14:18:30.529] [info] Computed offset for tibia_r_imu
[2023-06-22 14:18:30.529] [info] Offset is 
[0.0965278,0.977377,-0.188191]
[0.989909,-0.113978,-0.0842017]
[-0.103746,-0.178164,-0.978516]

[2023-06-22 14:18:30.529] [info] Creating offset frame for tibia_r_imu
[2023-06-22 14:18:30.530] [info] Added offset frame for tibia_r_imu.
[2023-06-22 14:18:30.530] [info] tibia_r_imu offset computed from tibia_r_imu data from file.
[2023-06-22 14:18:30.530] [info] Processing femur_r_imu
[2023-06-22 14:18:30.530] [info] Computed offset for femur_r_imu
[2023-06-22 14:18:30.530] [info] Offset is 
[-0.0408079,0.969041,-0.243505]
[0.996553,0.0570898,0.0601841]
[0.0722225,-0.24021,-0.968031]

[2023-06-22 14:18:30.531] [info] Creating offset frame for femur_r_imu
[2023-06-22 14:18:30.532] [info] Added offset frame for femur_r_imu.
[2023-06-22 14:18:30.532] [info] femur_r_imu offset computed from femur_r_imu data from file.
[2023-06-22 14:18:30.532] [info] Processing tibia_l_imu
[2023-06-22 14:18:30.532] [info] Computed offset for tibia_l_imu
[2023-06-22 14:18:30.532] [info] Offset is 
[0.0950796,-0.941402,0.323607]
[0.992984,0.0667322,-0.0976203]
[0.070305,0.330618,0.941142]

[2023-06-22 14:18:30.532] [info] Creating offset frame for tibia_l_imu
[2023-06-22 14:18:30.533] [info] Added offset frame for tibia_l_imu.
[2023-06-22 14:18:30.533] [info] tibia_l_imu offset computed from tibia_l_imu data from file.
[2023-06-22 14:18:30.533] [info] Processing femur_l_imu
[2023-06-22 14:18:30.533] [info] Computed offset for femur_l_imu
[2023-06-22 14:18:30.533] [info] Offset is 
[0.15939,-0.980766,0.112659]
[0.985443,0.164899,0.0413474]
[-0.0591295,0.104428,0.992773]

[2023-06-22 14:18:30.533] [info] Creating offset frame for femur_l_imu
[2023-06-22 14:18:30.534] [info] Added offset frame for femur_l_imu.
[2023-06-22 14:18:30.534] [info] femur_l_imu offset computed from femur_l_imu data from file.
[2023-06-22 14:18:30.534] [info] Processing calcn_r_imu
[2023-06-22 14:18:30.534] [info] Computed offset for calcn_r_imu
[2023-06-22 14:18:30.534] [info] Offset is 
[0.132853,0.838951,-0.527742]
[0.052645,-0.537683,-0.841502]
[-0.989737,0.0840129,-0.115599]

[2023-06-22 14:18:30.534] [info] Creating offset frame for calcn_r_imu
[2023-06-22 14:18:30.535] [info] Added offset frame for calcn_r_imu.
[2023-06-22 14:18:30.536] [info] calcn_r_imu offset computed from calcn_r_imu data from file.
[2023-06-22 14:18:30.536] [info] Processing calcn_l_imu
[2023-06-22 14:18:30.536] [info] Computed offset for calcn_l_imu
[2023-06-22 14:18:30.536] [info] Offset is 
[0.055168,-0.866604,-0.495938]
[0.00919381,0.497114,-0.867636]
[0.998435,0.0433062,0.0353922]

[2023-06-22 14:18:30.536] [info] Creating offset frame for calcn_l_imu
[2023-06-22 14:18:30.537] [info] Added offset frame for calcn_l_imu.
[2023-06-22 14:18:30.537] [info] calcn_l_imu offset computed from calcn_l_imu data from file.
[2023-06-22 14:18:31.195] [info] InverseKinematicsSolver found 8 model frames to track.
[2023-06-22 14:21:19.995] [info] Loaded model Rajagopal_2015 from file Rajagopal_2015.osim
[2023-06-22 14:21:20.092] [info] Heading correction computed to be 113.307 degs about ground Y.
[2023-06-22 14:21:20.095] [info] Processing torso_imu
[2023-06-22 14:21:20.095] [info] Computed offset for torso_imu
[2023-06-22 14:21:20.095] [info] Offset is 
[0.315294,-0.0237375,0.948697]
[0.94644,0.0811645,-0.312513]
[-0.0695822,0.996418,0.0480568]

[2023-06-22 14:21:20.095] [info] Creating offset frame for torso_imu
[2023-06-22 14:21:20.097] [info] Added offset frame for torso_imu.
[2023-06-22 14:21:20.097] [info] torso_imu offset computed from torso_imu data from file.
[2023-06-22 14:21:20.097] [info] Processing pelvis_imu
[2023-06-22 14:21:20.097] [info] Computed offset for pelvis_imu
[2023-06-22 14:21:20.097] [info] Offset is 
[0.280953,0.00157552,0.95972]
[0.957527,0.0671338,-0.280421]
[-0.0648715,0.997743,0.0173528]

[2023-06-22 14:21:20.097] [info] Creating offset frame for pelvis_imu
[2023-06-22 14:21:20.098] [info] Added offset frame for pelvis_imu.
[2023-06-22 14:21:20.098] [info] pelvis_imu offset computed from pelvis_imu data from file.
[2023-06-22 14:21:20.098] [info] Processing tibia_r_imu
[2023-06-22 14:21:20.099] [info] Computed offset for tibia_r_imu
[2023-06-22 14:21:20.099] [info] Offset is 
[0.0965278,0.977377,-0.188191]
[0.989909,-0.113978,-0.0842017]
[-0.103746,-0.178164,-0.978516]

[2023-06-22 14:21:20.099] [info] Creating offset frame for tibia_r_imu
[2023-06-22 14:21:20.100] [info] Added offset frame for tibia_r_imu.
[2023-06-22 14:21:20.100] [info] tibia_r_imu offset computed from tibia_r_imu data from file.
[2023-06-22 14:21:20.100] [info] Processing femur_r_imu
[2023-06-22 14:21:20.100] [info] Computed offset for femur_r_imu
[2023-06-22 14:21:20.100] [info] Offset is 
[-0.0408079,0.969041,-0.243505]
[0.996553,0.0570898,0.0601841]
[0.0722225,-0.24021,-0.968031]

[2023-06-22 14:21:20.100] [info] Creating offset frame for femur_r_imu
[2023-06-22 14:21:20.101] [info] Added offset frame for femur_r_imu.
[2023-06-22 14:21:20.101] [info] femur_r_imu offset computed from femur_r_imu data from file.
[2023-06-22 14:21:20.101] [info] Processing tibia_l_imu
[2023-06-22 14:21:20.101] [info] Computed offset for tibia_l_imu
[2023-06-22 14:21:20.101] [info] Offset is 
[0.0950796,-0.941402,0.323607]
[0.992984,0.0667322,-0.0976203]
[0.070305,0.330618,0.941142]

[2023-06-22 14:21:20.102] [info] Creating offset frame for tibia_l_imu
[2023-06-22 14:21:20.102] [info] Added offset frame for tibia_l_imu.
[2023-06-22 14:21:20.103] [info] tibia_l_imu offset computed from tibia_l_imu data from file.
[2023-06-22 14:21:20.103] [info] Processing femur_l_imu
[2023-06-22 14:21:20.103] [info] Computed offset for femur_l_imu
[2023-06-22 14:21:20.103] [info] Offset is 
[0.15939,-0.980766,0.112659]
[0.985443,0.164899,0.0413474]
[-0.0591295,0.104428,0.992773]

[2023-06-22 14:21:20.103] [info] Creating offset frame for femur_l_imu
[2023-06-22 14:21:20.104] [info] Added offset frame for femur_l_imu.
[2023-06-22 14:21:20.104] [info] femur_l_imu offset computed from femur_l_imu data from file.
[2023-06-22 14:21:20.104] [info] Processing calcn_r_imu
[2023-06-22 14:21:20.104] [info] Computed offset for calcn_r_imu
[2023-06-22 14:21:20.104] [info] Offset is 
[0.132853,0.838951,-0.527742]
[0.052645,-0.537683,-0.841502]
[-0.989737,0.0840129,-0.115599]

[2023-06-22 14:21:20.104] [info] Creating offset frame for calcn_r_imu
[2023-06-22 14:21:20.105] [info] Added offset frame for calcn_r_imu.
[2023-06-22 14:21:20.105] [info] calcn_r_imu offset computed from calcn_r_imu data from file.
[2023-06-22 14:21:20.105] [info] Processing calcn_l_imu
[2023-06-22 14:21:20.105] [info] Computed offset for calcn_l_imu
[2023-06-22 14:21:20.105] [info] Offset is 
[0.055168,-0.866604,-0.495938]
[0.00919381,0.497114,-0.867636]
[0.998435,0.0433062,0.0353922]

[2023-06-22 14:21:20.105] [info] Creating offset frame for calcn_l_imu
[2023-06-22 14:21:20.106] [info] Added offset frame for calcn_l_imu.
[2023-06-22 14:21:20.106] [info] calcn_l_imu offset computed from calcn_l_imu data from file.
[2023-06-22 14:21:20.768] [info] InverseKinematicsSolver found 8 model frames to track.
[2023-06-22 14:24:00.428] [info] Loaded model Rajagopal_2015 from file Rajagopal_2015_calibrated.osim
[2023-06-22 14:24:00.532] [info] Loading orientations as quaternions from 'MT_012005D6_009-001_orientations.sto'...
[2023-06-22 14:24:01.195] [info] InverseKinematicsSolver found 8 model frames to track.
[2023-06-22 14:24:27.295] [info] Wrote IK with IMU tracking results to: 'ik_MT_012005D6_009-001_orientations.mot'.
[2023-06-22 14:45:00.563] [info] Loaded model Rajagopal_2015 from file Rajagopal_2015_calibrated.osim
[2023-06-22 14:45:00.664] [info] Loading orientations as quaternions from 'MT_012005D6_009-001_orientations.sto'...
[2023-06-22 14:45:01.316] [info] InverseKinematicsSolver found 8 model frames to track.
[2023-06-22 14:45:27.440] [info] Wrote IK with IMU tracking results to: 'ik_MT_012005D6_009-001_orientations.mot'.
[2023-06-22 14:47:13.236] [info] Loaded model Rajagopal_2015 from file Rajagopal_2015.osim
[2023-06-22 14:47:13.336] [info] Heading correction computed to be 113.307 degs about ground Y.
[2023-06-22 14:47:13.340] [info] Processing torso_imu
[2023-06-22 14:47:13.340] [info] Computed offset for torso_imu
[2023-06-22 14:47:13.340] [info] Offset is 
[0.315294,-0.0237375,0.948697]
[0.94644,0.0811645,-0.312513]
[-0.0695822,0.996418,0.0480568]

[2023-06-22 14:47:13.340] [info] Creating offset frame for torso_imu
[2023-06-22 14:47:13.342] [info] Added offset frame for torso_imu.
[2023-06-22 14:47:13.342] [info] torso_imu offset computed from torso_imu data from file.
[2023-06-22 14:47:13.342] [info] Processing pelvis_imu
[2023-06-22 14:47:13.342] [info] Computed offset for pelvis_imu
[2023-06-22 14:47:13.342] [info] Offset is 
[0.280953,0.00157552,0.95972]
[0.957527,0.0671338,-0.280421]
[-0.0648715,0.997743,0.0173528]

[2023-06-22 14:47:13.342] [info] Creating offset frame for pelvis_imu
[2023-06-22 14:47:13.343] [info] Added offset frame for pelvis_imu.
[2023-06-22 14:47:13.343] [info] pelvis_imu offset computed from pelvis_imu data from file.
[2023-06-22 14:47:13.343] [info] Processing tibia_r_imu
[2023-06-22 14:47:13.343] [info] Computed offset for tibia_r_imu
[2023-06-22 14:47:13.343] [info] Offset is 
[0.0965278,0.977377,-0.188191]
[0.989909,-0.113978,-0.0842017]
[-0.103746,-0.178164,-0.978516]

[2023-06-22 14:47:13.343] [info] Creating offset frame for tibia_r_imu
[2023-06-22 14:47:13.344] [info] Added offset frame for tibia_r_imu.
[2023-06-22 14:47:13.344] [info] tibia_r_imu offset computed from tibia_r_imu data from file.
[2023-06-22 14:47:13.344] [info] Processing femur_r_imu
[2023-06-22 14:47:13.344] [info] Computed offset for femur_r_imu
[2023-06-22 14:47:13.344] [info] Offset is 
[-0.0408079,0.969041,-0.243505]
[0.996553,0.0570898,0.0601841]
[0.0722225,-0.24021,-0.968031]

[2023-06-22 14:47:13.344] [info] Creating offset frame for femur_r_imu
[2023-06-22 14:47:13.346] [info] Added offset frame for femur_r_imu.
[2023-06-22 14:47:13.346] [info] femur_r_imu offset computed from femur_r_imu data from file.
[2023-06-22 14:47:13.346] [info] Processing tibia_l_imu
[2023-06-22 14:47:13.346] [info] Computed offset for tibia_l_imu
[2023-06-22 14:47:13.346] [info] Offset is 
[0.0950796,-0.941402,0.323607]
[0.992984,0.0667322,-0.0976203]
[0.070305,0.330618,0.941142]

[2023-06-22 14:47:13.346] [info] Creating offset frame for tibia_l_imu
[2023-06-22 14:47:13.347] [info] Added offset frame for tibia_l_imu.
[2023-06-22 14:47:13.347] [info] tibia_l_imu offset computed from tibia_l_imu data from file.
[2023-06-22 14:47:13.348] [info] Processing femur_l_imu
[2023-06-22 14:47:13.348] [info] Computed offset for femur_l_imu
[2023-06-22 14:47:13.348] [info] Offset is 
[0.15939,-0.980766,0.112659]
[0.985443,0.164899,0.0413474]
[-0.0591295,0.104428,0.992773]

[2023-06-22 14:47:13.348] [info] Creating offset frame for femur_l_imu
[2023-06-22 14:47:13.349] [info] Added offset frame for femur_l_imu.
[2023-06-22 14:47:13.349] [info] femur_l_imu offset computed from femur_l_imu data from file.
[2023-06-22 14:47:13.349] [info] Processing calcn_r_imu
[2023-06-22 14:47:13.349] [info] Computed offset for calcn_r_imu
[2023-06-22 14:47:13.349] [info] Offset is 
[0.132853,0.838951,-0.527742]
[0.052645,-0.537683,-0.841502]
[-0.989737,0.0840129,-0.115599]

[2023-06-22 14:47:13.349] [info] Creating offset frame for calcn_r_imu
[2023-06-22 14:47:13.350] [info] Added offset frame for calcn_r_imu.
[2023-06-22 14:47:13.350] [info] calcn_r_imu offset computed from calcn_r_imu data from file.
[2023-06-22 14:47:13.350] [info] Processing calcn_l_imu
[2023-06-22 14:47:13.350] [info] Computed offset for calcn_l_imu
[2023-06-22 14:47:13.350] [info] Offset is 
[0.055168,-0.866604,-0.495938]
[0.00919381,0.497114,-0.867636]
[0.998435,0.0433062,0.0353922]

[2023-06-22 14:47:13.350] [info] Creating offset frame for calcn_l_imu
[2023-06-22 14:47:13.351] [info] Added offset frame for calcn_l_imu.
[2023-06-22 14:47:13.351] [info] calcn_l_imu offset computed from calcn_l_imu data from file.
[2023-06-22 14:47:14.037] [info] InverseKinematicsSolver found 8 model frames to track.
[2023-06-22 14:55:58.834] [info] Loaded model Rajagopal_2015 from file Rajagopal_2015.osim
[2023-06-22 14:59:01.779] [info] Loaded model Rajagopal_2015 from file Rajagopal_2015.osim
[2023-06-22 14:59:01.825] [info] Heading correction computed to be 132.672 degs about ground Y.
[2023-06-22 14:59:01.828] [info] Processing ulna_l_imu
[2023-06-22 14:59:01.828] [info] Computed offset for ulna_l_imu
[2023-06-22 14:59:01.828] [info] Offset is 
[0.198655,0.375889,0.905121]
[0.940653,-0.332403,-0.0684092]
[0.275151,0.864995,-0.419615]

[2023-06-22 14:59:01.828] [info] Creating offset frame for ulna_l_imu
[2023-06-22 14:59:01.830] [info] Added offset frame for ulna_l_imu.
[2023-06-22 14:59:01.830] [info] ulna_l_imu offset computed from ulna_l_imu data from file.
[2023-06-22 14:59:01.830] [info] Processing humerus_l_imu
[2023-06-22 14:59:01.830] [info] Computed offset for humerus_l_imu
[2023-06-22 14:59:01.830] [info] Offset is 
[0.0231844,-0.00989679,0.999682]
[0.923918,-0.381759,-0.0252067]
[0.381888,0.924209,0.000292958]

[2023-06-22 14:59:01.830] [info] Creating offset frame for humerus_l_imu
[2023-06-22 14:59:01.831] [info] Added offset frame for humerus_l_imu.
[2023-06-22 14:59:01.831] [info] humerus_l_imu offset computed from humerus_l_imu data from file.
[2023-06-22 14:59:02.614] [info] InverseKinematicsSolver found 2 model frames to track.
[2023-06-22 15:02:10.675] [info] Loaded model Rajagopal_2015 from file Rajagopal_2015_sup_calibrated.osim
[2023-06-22 15:02:10.773] [info] Loading orientations as quaternions from 'Xsens_quaternion.sto'...
[2023-06-22 15:02:11.493] [info] InverseKinematicsSolver found 2 model frames to track.
[2023-06-22 15:02:27.422] [info] Wrote IK with IMU tracking results to: 'ik_Xsens_quaternion.mot'.
[2023-06-22 15:02:35.568] [info] Loaded model Rajagopal_2015 from file Rajagopal_2015_sup_calibrated.osim
[2023-06-22 15:02:35.608] [info] Loading orientations as quaternions from 'Xsens_quaternion.sto'...
[2023-06-22 15:02:36.322] [info] InverseKinematicsSolver found 2 model frames to track.
[2023-06-22 15:02:52.185] [info] Wrote IK with IMU tracking results to: 'ik_Xsens_quaternion.mot'.
[2023-06-22 15:03:23.265] [info] Loaded model Rajagopal_2015 from file Rajagopal_2015_sup_calibrated.osim
[2023-06-22 15:03:23.305] [info] Loading orientations as quaternions from 'Xsens_quaternion.sto'...
[2023-06-22 15:03:24.017] [info] InverseKinematicsSolver found 2 model frames to track.
[2023-06-22 15:07:11.848] [info] Loaded model Rajagopal_2015 from file Rajagopal_2015_sup_calibrated.osim
[2023-06-22 15:07:11.975] [info] Loading orientations as quaternions from 'Xsens_quaternion.sto'...
[2023-06-22 15:07:12.968] [info] InverseKinematicsSolver found 2 model frames to track.
[2023-06-22 15:08:44.329] [info] Loaded model Rajagopal_2015 from file Rajagopal_2015_sup_calibrated.osim
[2023-06-22 15:08:44.377] [info] Loading orientations as quaternions from 'Xsens_quaternion.sto'...
[2023-06-22 15:08:45.117] [info] InverseKinematicsSolver found 2 model frames to track.
[2023-06-22 15:32:01.362] [info] Loaded model Rajagopal_2015 from file Rajagopal_2015_sup_calibrated.osim
[2023-06-22 15:32:01.403] [info] Loading orientations as quaternions from 'Xsens_quaternion.sto'...
[2023-06-22 15:32:02.104] [info] InverseKinematicsSolver found 2 model frames to track.
[2023-06-22 15:34:14.724] [info] Loaded model Rajagopal_2015 from file Rajagopal_2015_sup_calibrated.osim
[2023-06-22 15:34:14.764] [info] Loading orientations as quaternions from 'Xsens_quaternion.sto'...
[2023-06-22 15:34:15.563] [info] InverseKinematicsSolver found 2 model frames to track.
[2023-06-22 15:35:55.988] [info] Wrote IK with IMU tracking results to: 'ik_Xsens_quaternion.mot'.
[2023-06-22 15:36:18.796] [info] Loaded model Rajagopal_2015 from file Rajagopal_2015_sup_calibrated.osim
[2023-06-22 15:36:18.836] [info] Loading orientations as quaternions from 'Xsens_quaternion.sto'...
[2023-06-22 15:36:19.520] [info] InverseKinematicsSolver found 2 model frames to track.
[2023-06-22 15:38:45.560] [info] Loaded model Rajagopal_2015 from file Rajagopal_2015_sup_calibrated.osim
[2023-06-22 15:38:45.600] [info] Loading orientations as quaternions from 'Xsens_quaternion.sto'...
[2023-06-22 15:38:46.311] [info] InverseKinematicsSolver found 2 model frames to track.
[2023-06-22 15:39:25.459] [info] Loaded model Rajagopal_2015 from file Rajagopal_2015_sup_calibrated.osim
[2023-06-22 15:39:25.516] [info] Loading orientations as quaternions from 'Xsens_quaternion.sto'...
[2023-06-22 15:39:26.293] [info] InverseKinematicsSolver found 2 model frames to track.
[2023-06-22 15:41:07.571] [info] Wrote IK with IMU tracking results to: 'ik_Xsens_quaternion.mot'.
[2023-06-22 15:42:55.392] [info] Loaded model Rajagopal_2015 from file Rajagopal_2015_sup_calibrated.osim
[2023-06-22 15:42:55.443] [info] Loading orientations as quaternions from 'Xsens_quaternion.sto'...
[2023-06-22 15:42:56.392] [info] InverseKinematicsSolver found 2 model frames to track.
[2023-06-22 15:43:36.803] [info] Wrote IK with IMU tracking results to: 'ik_Xsens_quaternion.mot'.
[2023-06-22 15:53:12.148] [info] Loaded model Rajagopal_2015 from file Rajagopal_2015_sup_calibrated.osim
[2023-06-22 15:53:12.195] [info] Loading orientations as quaternions from 'Xsens_quaternion.sto'...
[2023-06-22 15:53:12.931] [info] InverseKinematicsSolver found 2 model frames to track.
[2023-06-22 16:14:39.809] [info] Loaded model Rajagopal_2015 from file Rajagopal_2015_sup_calibrated.osim
[2023-06-22 16:14:39.858] [info] Loading orientations as quaternions from 'Xsens_quaternion.sto'...
[2023-06-22 16:14:40.614] [info] InverseKinematicsSolver found 2 model frames to track.
[2023-06-22 16:14:58.674] [info] Loaded model Rajagopal_2015 from file Rajagopal_2015.osim
[2023-06-22 16:14:58.735] [info] No heading correction is applied.
[2023-06-22 16:14:58.737] [info] Processing ulna_l_imu
[2023-06-22 16:14:58.737] [info] Computed offset for ulna_l_imu
[2023-06-22 16:14:58.738] [info] Offset is 
[-0.466951,-0.554937,0.688478]
[-0.180431,-0.7024,-0.688534]
[0.86568,-0.445735,0.227858]

[2023-06-22 16:14:58.738] [info] Creating offset frame for ulna_l_imu
[2023-06-22 16:14:58.740] [info] Added offset frame for ulna_l_imu.
[2023-06-22 16:14:58.740] [info] ulna_l_imu offset computed from ulna_l_imu data from file.
[2023-06-22 16:14:58.740] [info] Processing humerus_l_imu
[2023-06-22 16:14:58.740] [info] Computed offset for humerus_l_imu
[2023-06-22 16:14:58.740] [info] Offset is 
[0.0323789,-0.862159,-0.505602]
[-0.0207498,-0.506338,0.862085]
[-0.99926,-0.0174222,-0.0342843]

[2023-06-22 16:14:58.740] [info] Creating offset frame for humerus_l_imu
[2023-06-22 16:14:58.741] [info] Added offset frame for humerus_l_imu.
[2023-06-22 16:14:58.741] [info] humerus_l_imu offset computed from humerus_l_imu data from file.
[2023-06-22 16:14:59.442] [info] InverseKinematicsSolver found 2 model frames to track.
[2023-06-22 16:16:31.585] [info] Loaded model Rajagopal_2015 from file Rajagopal_2015.osim
[2023-06-22 16:16:31.639] [info] No heading correction is applied.
[2023-06-22 16:16:31.641] [info] Processing ulna_l_imu
[2023-06-22 16:16:31.641] [info] Computed offset for ulna_l_imu
[2023-06-22 16:16:31.641] [info] Offset is 
[-0.466951,-0.554937,0.688478]
[0.854761,-0.0837585,0.512218]
[-0.226583,0.827665,0.51345]

[2023-06-22 16:16:31.641] [info] Creating offset frame for ulna_l_imu
[2023-06-22 16:16:31.643] [info] Added offset frame for ulna_l_imu.
[2023-06-22 16:16:31.643] [info] ulna_l_imu offset computed from ulna_l_imu data from file.
[2023-06-22 16:16:31.643] [info] Processing humerus_l_imu
[2023-06-22 16:16:31.643] [info] Computed offset for humerus_l_imu
[2023-06-22 16:16:31.643] [info] Offset is 
[0.0323789,-0.862159,-0.505602]
[-0.884038,0.211301,-0.416928]
[0.466292,0.460471,-0.755339]

[2023-06-22 16:16:31.643] [info] Creating offset frame for humerus_l_imu
[2023-06-22 16:16:31.644] [info] Added offset frame for humerus_l_imu.
[2023-06-22 16:16:31.644] [info] humerus_l_imu offset computed from humerus_l_imu data from file.
[2023-06-22 16:16:32.389] [info] InverseKinematicsSolver found 2 model frames to track.
[2023-06-22 16:18:46.851] [info] Loaded model Rajagopal_2015 from file Rajagopal_2015_sup_calibrated.osim
[2023-06-22 16:18:46.900] [info] Loading orientations as quaternions from 'Xsens_quaternion.sto'...
[2023-06-22 16:18:47.578] [info] InverseKinematicsSolver found 2 model frames to track.
[2023-06-22 16:20:00.927] [info] Loaded model Rajagopal_2015 from file Rajagopal_2015_sup_calibrated.osim
[2023-06-22 16:20:00.974] [info] Loading orientations as quaternions from 'Xsens_quaternion.sto'...
[2023-06-22 16:20:01.694] [info] InverseKinematicsSolver found 2 model frames to track.
[2023-06-22 16:35:12.850] [info] Loaded model Rajagopal_2015 from file Rajagopal_2015.osim
[2023-06-22 16:35:47.902] [info] Loaded model Rajagopal_2015 from file Rajagopal_2015.osim
[2023-06-22 16:35:47.952] [info] No heading correction is applied.
[2023-06-22 16:35:47.954] [info] Processing ulna_l_imu
[2023-06-22 16:35:47.954] [info] Computed offset for ulna_l_imu
[2023-06-22 16:35:47.954] [info] Offset is 
[-0.336952,-0.890759,-0.304978]
[0.940653,-0.332403,-0.0684092]
[-0.0404396,-0.309929,0.949899]

[2023-06-22 16:35:47.954] [info] Creating offset frame for ulna_l_imu
[2023-06-22 16:35:47.955] [info] Added offset frame for ulna_l_imu.
[2023-06-22 16:35:47.956] [info] ulna_l_imu offset computed from ulna_l_imu data from file.
[2023-06-22 16:35:47.956] [info] Processing humerus_l_imu
[2023-06-22 16:35:47.956] [info] Computed offset for humerus_l_imu
[2023-06-22 16:35:47.956] [info] Offset is 
[-0.296494,-0.672808,-0.677806]
[0.923918,-0.381759,-0.0252067]
[-0.241799,-0.63371,0.734809]

[2023-06-22 16:35:47.956] [info] Creating offset frame for humerus_l_imu
[2023-06-22 16:35:47.957] [info] Added offset frame for humerus_l_imu.
[2023-06-22 16:35:47.957] [info] humerus_l_imu offset computed from humerus_l_imu data from file.
[2023-06-22 16:35:48.719] [info] InverseKinematicsSolver found 2 model frames to track.
[2023-06-22 16:36:29.242] [info] Loaded model Rajagopal_2015 from file Rajagopal_2015_sup_calibrated.osim
[2023-06-22 16:36:29.283] [info] Loading orientations as quaternions from 'Xsens_quaternion.sto'...
[2023-06-22 16:36:30.034] [info] InverseKinematicsSolver found 2 model frames to track.
[2023-06-22 16:46:21.758] [info] Loaded model Rajagopal_2015 from file Rajagopal_2015_sup_calibrated.osim
[2023-06-22 16:46:21.798] [info] Loading orientations as quaternions from 'Xsens_quaternion.sto'...
[2023-06-22 16:46:22.502] [info] InverseKinematicsSolver found 2 model frames to track.
[2023-06-22 16:47:02.963] [info] Wrote IK with IMU tracking results to: 'ik_Xsens_quaternion.mot'.
